1000
0
1
2
3
4
5
6
7
8
8
8
8
11
12
13
13
13
13
14
15
16
16
17
19
19
20
20
21
21
22
22
23
23
24
24
25
25
26
28
30
31
38
39
40
40
42
43
45
46
48
49
49
51
52
52
54
55
56
59
60
60
61
61
62
62
62
62
62
63
63
63
65
67
67
67
67
69
69
71
74
74
76
77
77
78
78
79
79
80
80
83
84
84
85
88
88
90
91
92
92
92
92
92
93
94
96
96
96
99
99
99
100
100
102
102
107
107
108
110
110
111
112
112
113
114
114
115
116
118
119
119
120
120
121
121
122
122
123
123
123
124
126
128
129
131
132
132
133
133
133
136
138
139
140
140
140
141
142
142
144
144
147
147
147
148
149
150
150
150
151
151
151
152
152
155
155
156
157
157
159
159
160
162
163
163
164
164
165
166
166
167
168
169
170
171
172
174
174
175
175
176
177
179
181
181
183
183
183
184
184
184
185
185
187
188
190
191
191
191
192
193
194
195
196
197
197
198
198
199
200
201
201
201
201
202
203
205
206
206
208
208
208
210
214
215
215
215
217
217
218
218
218
220
220
220
220
220
221
221
221
221
221
222
222
223
223
224
229
229
230
230
230
230
231
231
233
234
235
237
238
238
238
241
241
242
244
244
246
246
247
248
248
249
249
250
253
253
253
254
257
257
258
260
261
261
261
262
262
267
267
268
272
273
273
275
275
276
276
277
278
278
279
279
280
280
281
282
282
284
284
285
286
288
288
291
293
296
297
297
297
298
300
300
301
302
302
306
308
309
310
311
313
313
314
315
316
316
317
318
320
323
324
325
325
326
328
328
328
329
330
331
333
333
335
339
339
340
342
343
343
345
345
346
348
349
351
351
352
355
359
360
361
361
363
364
367
368
370
370
370
370
372
372
373
373
375
376
377
377
378
378
380
380
381
381
382
384
385
387
387
389
390
393
396
399
399
402
405
405
405
407
408
408
409
409
411
411
413
413
413
415
415
415
416
417
418
418
419
421
422
422
422
423
424
425
426
426
428
429
430
430
431
433
434
435
436
437
437
437
442
443
444
444
444
446
446
449
450
450
450
451
452
452
452
456
457
458
460
460
462
463
464
466
467
468
469
469
471
471
471
472
473
475
475
476
477
478
479
479
479
483
483
483
484
485
485
486
487
488
488
492
492
493
494
495
497
497
500
500
501
503
506
508
509
511
512
514
515
515
515
516
519
523
527
528
529
530
533
534
536
536
537
540
540
541
542
542
542
544
544
544
544
544
545
546
547
548
548
549
556
556
558
558
559
559
561
562
562
563
563
564
564
564
565
565
568
568
568
572
572
573
574
574
575
575
576
577
578
579
580
581
582
582
585
587
587
588
588
588
591
593
593
594
595
595
596
597
598
599
599
600
601
601
602
603
603
605
605
605
608
609
610
610
611
612
612
613
614
614
616
618
618
620
621
621
622
622
622
623
624
625
626
626
628
629
629
630
630
630
631
631
632
632
633
636
636
637
638
639
640
640
641
641
645
645
646
646
646
647
648
648
649
650
650
652
652
652
653
654
656
656
658
659
660
660
662
662
662
664
664
664
665
665
668
669
671
671
672
673
673
673
674
675
676
677
679
682
683
683
683
683
683
684
684
684
686
688
689
689
689
691
692
692
692
694
695
698
698
698
699
700
701
702
702
703
704
705
710
711
713
713
713
714
715
719
719
720
721
723
723
723
724
725
725
727
727
728
731
731
732
734
735
737
738
739
740
744
744
745
747
747
748
748
748
750
750
754
755
756
758
759
760
760
760
761
763
764
766
767
767
767
768
769
770
770
770
771
772
773
774
775
776
776
776
776
777
777
777
778
778
779
779
780
782
783
784
785
786
786
787
788
790
790
791
791
792
793
793
795
796
797
798
798
801
802
802
803
807
807
808
819
820
820
820
823
825
825
826
827
828
831
832
833
833
833
838
839
839
840
840
841
841
841
843
844
848
848
849
850
853
854
856
856
857
857
858
858
860
863
863
865
866
869
870
870
871
873
874
877
880
881
884
885
885
885
886
895
899
899
900
901
901
902
903
906
907
909
910
912
912
917
917
919
921
922
923
923
924
924
926
926
929
932
932
933
935
936
938
939
941
941
941
943
943
945
945
945
945
945
947
948
949
949
950
950
951
951
951
951
952
952
953
958
958
959
959
960
962
965
966
967
967
967
972
975
975
977
977
979
979
980
981
981
981
983
984
985
987
988
990
992
993
993
994
994
995
997
997
999
999
