10000
0
0
2
3
4
5
6
7
8
9
9
12
12
13
13
13
14
14
16
17
19
20
23
23
24
25
27
27
28
29
29
31
32
33
35
35
36
39
39
40
40
40
40
42
42
42
43
44
44
45
45
46
47
50
51
56
59
60
61
62
63
63
63
66
68
69
69
69
70
70
71
71
73
74
75
75
76
76
77
78
79
80
81
82
82
82
85
85
85
86
87
88
88
89
90
91
92
93
94
97
104
106
106
108
111
111
111
112
112
113
114
114
114
115
117
117
118
118
118
119
119
119
121
123
123
124
124
125
126
127
129
131
132
132
134
134
135
139
139
140
141
142
148
149
149
151
153
154
154
155
155
155
156
156
158
158
159
159
160
160
161
161
162
162
162
163
163
164
167
168
171
172
172
172
174
176
176
176
176
176
176
178
179
180
181
182
182
182
182
183
183
186
187
187
189
191
191
196
196
197
199
199
199
200
200
201
202
203
203
203
205
207
208
209
210
210
212
214
214
215
216
216
217
217
219
219
220
221
221
223
223
223
223
224
227
228
229
230
231
231
232
235
236
236
236
236
238
238
239
239
240
242
242
245
245
249
250
250
251
252
252
252
252
252
252
253
253
254
255
256
257
258
260
260
262
262
262
264
265
265
267
267
271
272
274
274
276
278
278
281
283
284
286
286
287
289
290
293
295
298
304
304
305
307
309
310
310
310
310
311
313
313
313
316
316
317
317
318
320
324
325
326
328
328
328
328
331
333
337
338
340
341
342
343
345
346
350
351
353
353
354
354
354
356
359
359
361
362
363
363
364
365
365
366
368
370
370
373
373
374
374
375
375
375
376
376
377
378
379
379
382
383
383
384
385
389
389
390
390
392
393
395
395
397
398
399
400
401
402
404
405
405
405
408
408
411
415
417
417
418
418
418
419
420
421
422
422
424
424
425
425
426
427
427
428
428
429
430
430
431
432
433
435
436
436
436
439
441
442
442
444
445
445
445
446
446
452
452
453
455
456
458
459
460
460
460
461
462
462
463
465
466
466
466
466
467
469
469
469
469
469
469
470
472
473
473
475
477
477
477
477
478
480
481
481
482
483
484
485
487
488
488
488
490
491
491
491
491
493
494
494
496
496
498
500
505
508
508
511
511
514
515
515
516
516
516
518
518
518
519
519
519
520
521
521
524
524
525
525
526
526
527
528
528
530
530
531
531
533
534
534
534
535
535
536
537
538
540
541
541
541
541
542
544
547
548
549
550
550
552
552
552
552
552
553
553
554
554
556
557
559
561
561
563
563
564
564
564
565
565
567
567
568
568
571
572
574
575
575
578
578
578
579
581
581
582
582
582
583
583
585
585
586
587
588
589
590
591
594
594
596
598
599
602
603
605
606
606
607
607
608
609
609
610
610
610
612
614
614
615
616
617
617
619
621
623
627
629
629
629
630
631
631
633
633
633
635
639
639
640
640
641
643
645
645
645
646
646
647
649
651
651
651
654
655
656
658
660
660
661
661
662
663
664
665
667
667
668
671
672
673
673
674
675
676
677
678
682
682
682
684
686
687
687
688
689
689
691
692
697
697
698
698
698
699
699
700
700
700
703
705
705
706
707
707
707
710
711
711
711
715
715
717
717
718
718
719
721
721
721
721
723
723
724
725
725
726
726
727
727
729
729
733
736
737
738
740
741
742
742
746
749
750
750
750
750
751
753
754
756
757
758
759
759
759
761
762
762
763
764
764
766
767
768
769
770
770
771
772
773
773
775
775
777
777
780
780
780
781
781
781
782
782
783
783
783
783
786
788
789
789
790
791
791
792
793
793
794
794
795
797
799
799
799
800
800
804
806
806
807
809
809
809
812
812
812
812
815
818
820
820
823
823
824
824
828
828
829
829
829
829
830
833
837
839
839
840
842
843
843
844
846
846
847
849
850
850
854
854
856
857
860
861
863
863
863
863
863
864
865
866
866
867
867
868
868
868
868
869
869
870
874
876
876
881
881
882
882
882
883
884
884
884
886
886
886
888
889
891
891
891
892
893
894
894
895
895
898
899
899
900
901
901
902
903
904
904
905
907
908
908
908
909
909
909
913
914
915
915
918
920
920
921
921
922
922
923
924
924
924
924
925
926
926
927
927
927
928
928
928
928
930
934
934
935
936
936
938
941
941
941
944
945
945
947
947
951
951
951
952
953
954
955
955
956
956
959
960
961
961
963
967
967
967
968
969
971
971
972
972
976
977
978
978
982
983
984
984
986
987
988
988
988
989
990
994
994
995
996
997
998
998
998
999
1000
1001
1002
1002
1003
1004
1006
1006
1008
1008
1010
1010
1012
1012
1012
1012
1013
1013
1013
1013
1013
1014
1015
1016
1017
1017
1018
1020
1020
1020
1020
1021
1022
1023
1023
1023
1024
1027
1027
1028
1032
1033
1033
1033
1034
1034
1034
1036
1037
1038
1038
1042
1042
1042
1043
1044
1044
1045
1045
1045
1047
1047
1049
1049
1050
1051
1053
1054
1054
1058
1058
1059
1059
1060
1061
1062
1063
1064
1066
1066
1069
1071
1071
1072
1072
1073
1076
1077
1077
1078
1078
1079
1079
1079
1079
1080
1080
1081
1081
1084
1084
1087
1088
1089
1090
1091
1092
1092
1092
1092
1093
1093
1093
1093
1095
1095
1096
1097
1097
1098
1099
1101
1103
1106
1106
1106
1106
1109
1110
1111
1111
1114
1114
1114
1116
1116
1119
1120
1120
1120
1121
1124
1125
1126
1127
1127
1128
1128
1128
1128
1129
1130
1135
1136
1136
1141
1141
1141
1143
1144
1145
1146
1147
1148
1148
1150
1151
1152
1152
1153
1154
1154
1154
1154
1155
1156
1157
1159
1160
1161
1161
1162
1163
1163
1164
1166
1167
1169
1169
1172
1172
1173
1174
1174
1175
1176
1178
1178
1179
1180
1180
1182
1182
1182
1183
1184
1185
1185
1185
1185
1185
1186
1186
1187
1188
1188
1192
1193
1193
1193
1194
1197
1197
1200
1202
1202
1203
1203
1203
1204
1204
1205
1206
1206
1206
1207
1207
1208
1209
1210
1211
1212
1213
1214
1214
1216
1217
1219
1220
1221
1223
1224
1226
1227
1227
1227
1228
1228
1229
1230
1230
1231
1233
1233
1234
1235
1237
1237
1237
1241
1242
1243
1243
1243
1244
1244
1244
1245
1245
1247
1251
1254
1255
1258
1258
1259
1259
1259
1260
1261
1262
1262
1263
1264
1264
1264
1265
1265
1265
1267
1268
1269
1269
1271
1272
1273
1274
1276
1277
1278
1279
1280
1281
1283
1285
1286
1288
1289
1289
1292
1293
1295
1295
1298
1298
1298
1299
1299
1304
1306
1307
1307
1307
1308
1308
1309
1309
1310
1311
1312
1313
1313
1316
1316
1318
1318
1318
1320
1321
1321
1322
1322
1324
1324
1326
1327
1332
1332
1333
1337
1338
1340
1340
1340
1341
1342
1343
1344
1347
1349
1349
1349
1350
1351
1355
1356
1356
1357
1357
1357
1358
1359
1359
1360
1361
1361
1361
1365
1367
1367
1371
1375
1375
1375
1376
1377
1377
1379
1379
1380
1380
1381
1381
1381
1381
1381
1381
1383
1383
1383
1384
1385
1385
1385
1387
1387
1388
1391
1393
1393
1395
1395
1395
1395
1396
1397
1397
1399
1399
1400
1400
1402
1402
1403
1404
1404
1404
1405
1405
1406
1407
1411
1412
1418
1418
1419
1420
1420
1420
1421
1423
1423
1426
1427
1428
1430
1432
1432
1433
1433
1437
1437
1438
1439
1441
1441
1441
1443
1444
1444
1445
1445
1445
1445
1446
1449
1451
1453
1454
1455
1457
1457
1457
1458
1458
1459
1461
1461
1463
1463
1470
1471
1473
1474
1474
1475
1478
1479
1479
1479
1482
1484
1486
1488
1489
1490
1492
1492
1493
1494
1494
1496
1496
1497
1499
1500
1502
1503
1504
1504
1506
1506
1506
1507
1507
1510
1511
1512
1512
1512
1514
1514
1514
1514
1516
1517
1517
1518
1518
1518
1519
1519
1520
1520
1522
1523
1525
1525
1526
1528
1528
1529
1531
1531
1531
1532
1533
1534
1534
1535
1535
1537
1538
1539
1541
1543
1543
1544
1545
1546
1547
1548
1549
1549
1550
1550
1553
1553
1554
1555
1556
1556
1558
1558
1559
1561
1561
1562
1564
1566
1567
1567
1569
1570
1572
1573
1573
1577
1578
1578
1578
1578
1579
1579
1580
1582
1582
1583
1583
1583
1584
1584
1585
1586
1593
1593
1594
1594
1595
1596
1597
1597
1599
1600
1604
1606
1608
1608
1609
1609
1610
1611
1611
1612
1613
1614
1614
1615
1615
1616
1617
1617
1619
1620
1620
1623
1624
1625
1628
1628
1628
1629
1629
1630
1631
1633
1634
1634
1635
1636
1637
1637
1637
1637
1639
1642
1642
1642
1643
1644
1644
1646
1646
1646
1647
1648
1648
1648
1650
1651
1652
1656
1656
1658
1658
1660
1660
1661
1662
1662
1664
1664
1664
1664
1666
1670
1671
1672
1674
1674
1675
1679
1679
1679
1682
1682
1685
1686
1687
1687
1689
1695
1699
1699
1703
1703
1703
1703
1704
1705
1705
1706
1706
1706
1709
1710
1710
1712
1714
1714
1714
1715
1715
1716
1716
1717
1718
1718
1722
1722
1723
1723
1725
1731
1731
1732
1733
1734
1735
1735
1736
1738
1740
1740
1741
1743
1743
1743
1743
1744
1746
1746
1750
1751
1753
1753
1757
1757
1758
1758
1758
1759
1761
1761
1762
1763
1763
1764
1764
1765
1769
1769
1770
1771
1773
1773
1773
1774
1775
1777
1779
1781
1781
1786
1787
1789
1789
1790
1790
1791
1791
1791
1791
1794
1794
1795
1796
1796
1799
1799
1801
1803
1803
1804
1805
1805
1805
1808
1809
1809
1809
1810
1811
1812
1814
1815
1816
1817
1819
1820
1820
1821
1822
1822
1825
1827
1829
1829
1831
1831
1832
1833
1835
1835
1836
1839
1839
1839
1839
1842
1844
1849
1850
1851
1851
1852
1853
1853
1853
1854
1855
1855
1855
1856
1857
1859
1860
1860
1860
1862
1862
1862
1864
1865
1865
1866
1867
1868
1869
1870
1871
1874
1876
1876
1876
1878
1878
1879
1880
1881
1883
1883
1884
1887
1887
1887
1889
1890
1890
1890
1891
1895
1896
1899
1899
1900
1900
1903
1904
1906
1906
1907
1907
1908
1909
1909
1910
1916
1917
1918
1919
1919
1922
1924
1926
1927
1928
1930
1932
1932
1932
1934
1935
1938
1939
1940
1940
1942
1943
1943
1944
1945
1947
1948
1949
1949
1951
1952
1952
1953
1953
1953
1954
1955
1957
1958
1958
1958
1958
1960
1961
1961
1962
1964
1965
1965
1965
1966
1966
1967
1967
1967
1968
1968
1969
1970
1970
1970
1971
1971
1972
1972
1973
1974
1974
1976
1977
1977
1978
1979
1979
1979
1980
1983
1983
1984
1985
1986
1992
1994
1996
1996
2001
2003
2003
2004
2006
2007
2009
2010
2010
2011
2012
2012
2012
2013
2015
2015
2018
2018
2020
2020
2021
2021
2022
2023
2023
2024
2025
2026
2027
2028
2029
2033
2033
2033
2033
2036
2037
2037
2038
2039
2040
2041
2042
2043
2043
2046
2046
2048
2050
2050
2051
2052
2054
2055
2055
2058
2059
2060
2061
2062
2062
2064
2065
2065
2066
2068
2070
2071
2072
2072
2072
2073
2074
2074
2074
2074
2075
2076
2077
2078
2079
2080
2082
2082
2083
2084
2084
2086
2086
2087
2089
2089
2089
2090
2091
2091
2091
2092
2092
2095
2096
2098
2098
2098
2099
2100
2102
2102
2102
2102
2103
2104
2105
2106
2107
2107
2108
2109
2110
2110
2112
2113
2113
2114
2117
2122
2124
2124
2126
2127
2129
2130
2130
2130
2131
2131
2132
2133
2134
2135
2137
2138
2139
2140
2140
2140
2141
2143
2143
2145
2146
2146
2147
2147
2147
2147
2147
2148
2148
2149
2149
2152
2153
2153
2155
2156
2159
2159
2160
2160
2162
2163
2163
2163
2164
2166
2167
2169
2172
2173
2173
2174
2175
2176
2177
2178
2178
2180
2181
2182
2183
2184
2185
2186
2187
2188
2189
2189
2189
2190
2190
2190
2190
2193
2199
2199
2200
2201
2202
2202
2205
2205
2206
2208
2209
2210
2210
2210
2210
2210
2211
2211
2211
2215
2215
2216
2216
2217
2218
2219
2219
2219
2221
2221
2222
2222
2224
2225
2226
2226
2227
2228
2228
2228
2229
2229
2229
2231
2231
2233
2233
2234
2236
2236
2236
2238
2238
2239
2239
2239
2239
2242
2244
2245
2245
2246
2247
2248
2249
2250
2255
2256
2256
2256
2257
2259
2261
2262
2262
2263
2263
2264
2264
2265
2267
2267
2267
2271
2271
2271
2274
2274
2275
2275
2276
2276
2278
2278
2278
2281
2281
2282
2284
2284
2285
2285
2285
2286
2288
2288
2289
2289
2290
2290
2291
2291
2292
2294
2295
2296
2298
2298
2298
2298
2298
2300
2300
2301
2303
2303
2305
2306
2308
2312
2313
2314
2315
2316
2316
2317
2318
2319
2319
2320
2320
2321
2322
2324
2325
2325
2326
2326
2326
2327
2327
2328
2331
2331
2333
2333
2334
2335
2336
2337
2337
2337
2337
2338
2338
2338
2341
2341
2341
2341
2343
2343
2343
2345
2346
2346
2347
2349
2350
2350
2351
2352
2353
2353
2354
2355
2356
2356
2357
2359
2359
2360
2361
2361
2362
2363
2364
2364
2364
2365
2370
2370
2370
2371
2371
2371
2372
2372
2373
2373
2375
2377
2377
2377
2378
2378
2378
2379
2379
2380
2382
2383
2383
2383
2384
2384
2385
2387
2388
2389
2389
2389
2390
2391
2391
2391
2391
2391
2391
2393
2393
2395
2399
2399
2399
2400
2402
2402
2403
2403
2404
2405
2406
2406
2406
2407
2409
2411
2412
2414
2415
2418
2422
2423
2424
2424
2425
2426
2427
2428
2428
2430
2430
2432
2432
2433
2433
2433
2434
2437
2438
2438
2439
2440
2440
2443
2445
2445
2447
2448
2448
2450
2451
2453
2454
2457
2458
2459
2459
2462
2462
2462
2463
2464
2464
2465
2472
2472
2472
2473
2476
2477
2477
2479
2480
2481
2481
2482
2483
2490
2495
2495
2497
2499
2500
2500
2501
2501
2502
2502
2503
2503
2504
2504
2504
2505
2506
2509
2509
2510
2510
2510
2511
2511
2512
2512
2514
2514
2515
2515
2516
2517
2518
2518
2518
2520
2524
2524
2524
2526
2529
2530
2531
2533
2533
2535
2536
2536
2538
2538
2539
2539
2540
2540
2544
2544
2547
2547
2548
2548
2549
2550
2550
2551
2553
2553
2554
2554
2556
2559
2559
2560
2561
2562
2564
2564
2565
2567
2567
2568
2571
2575
2576
2577
2577
2578
2578
2578
2580
2582
2586
2586
2587
2587
2589
2590
2590
2592
2595
2595
2595
2598
2598
2599
2600
2600
2601
2601
2602
2602
2602
2602
2604
2605
2606
2607
2609
2610
2610
2611
2612
2614
2616
2616
2617
2618
2619
2620
2621
2623
2624
2625
2626
2627
2627
2628
2629
2629
2629
2630
2630
2633
2634
2635
2636
2636
2638
2641
2643
2643
2645
2646
2646
2646
2648
2651
2652
2652
2653
2653
2657
2657
2660
2660
2661
2662
2662
2662
2663
2664
2665
2665
2665
2666
2668
2668
2670
2671
2674
2675
2676
2677
2679
2679
2679
2679
2680
2680
2680
2680
2680
2681
2683
2683
2683
2683
2686
2687
2690
2691
2691
2698
2699
2704
2704
2705
2705
2710
2710
2710
2711
2711
2712
2712
2712
2714
2715
2715
2717
2718
2718
2720
2722
2724
2724
2725
2727
2727
2727
2728
2729
2732
2733
2734
2734
2735
2736
2736
2736
2737
2737
2738
2738
2739
2739
2739
2740
2741
2742
2743
2743
2743
2745
2745
2746
2747
2747
2747
2747
2748
2748
2750
2751
2751
2752
2753
2754
2756
2757
2757
2759
2760
2762
2762
2762
2765
2766
2766
2769
2770
2772
2774
2774
2774
2775
2776
2777
2779
2779
2781
2781
2782
2782
2782
2782
2783
2783
2784
2784
2786
2786
2787
2787
2788
2788
2789
2789
2790
2790
2791
2792
2793
2794
2795
2796
2796
2797
2798
2800
2801
2803
2804
2805
2805
2805
2806
2809
2810
2810
2811
2811
2811
2811
2814
2815
2815
2816
2819
2819
2819
2820
2821
2821
2824
2825
2825
2827
2828
2828
2828
2828
2828
2829
2829
2829
2830
2830
2832
2833
2834
2836
2836
2837
2841
2841
2842
2844
2846
2846
2846
2846
2848
2850
2850
2851
2851
2853
2853
2855
2857
2857
2858
2859
2859
2860
2861
2865
2865
2865
2866
2866
2867
2868
2871
2871
2871
2871
2872
2873
2875
2876
2877
2877
2878
2878
2878
2882
2883
2884
2884
2884
2887
2888
2888
2888
2889
2889
2890
2891
2894
2894
2895
2895
2896
2896
2896
2896
2897
2897
2900
2902
2902
2903
2906
2906
2907
2907
2909
2909
2910
2911
2912
2913
2914
2917
2918
2920
2924
2924
2925
2927
2929
2931
2931
2931
2932
2932
2932
2933
2933
2934
2936
2938
2943
2947
2948
2949
2952
2953
2955
2956
2956
2957
2960
2961
2964
2964
2965
2965
2965
2966
2967
2968
2969
2970
2970
2971
2974
2975
2976
2977
2977
2978
2978
2978
2979
2980
2980
2981
2982
2987
2989
2992
2992
2992
2993
2993
2994
2996
2996
2997
2997
2998
2999
3000
3000
3000
3002
3002
3006
3006
3007
3007
3008
3008
3008
3009
3012
3012
3016
3016
3017
3018
3020
3023
3023
3023
3025
3025
3027
3028
3028
3029
3029
3030
3030
3030
3032
3033
3034
3034
3035
3038
3038
3038
3038
3040
3042
3043
3044
3046
3046
3046
3046
3046
3048
3049
3049
3050
3051
3051
3051
3052
3053
3054
3054
3056
3059
3059
3060
3063
3063
3063
3064
3064
3065
3065
3066
3066
3066
3067
3069
3071
3072
3074
3075
3077
3077
3077
3084
3084
3085
3085
3085
3088
3090
3091
3093
3093
3093
3096
3096
3100
3101
3102
3102
3103
3105
3106
3106
3106
3112
3112
3115
3115
3116
3117
3117
3117
3118
3121
3123
3123
3126
3127
3127
3127
3129
3130
3130
3130
3130
3130
3132
3133
3134
3135
3135
3135
3136
3137
3137
3140
3143
3145
3145
3145
3149
3149
3150
3151
3152
3156
3156
3158
3160
3160
3161
3162
3163
3163
3164
3165
3168
3170
3172
3172
3172
3173
3174
3174
3174
3176
3177
3177
3180
3181
3182
3183
3183
3183
3185
3186
3187
3190
3191
3192
3192
3194
3194
3196
3197
3199
3201
3201
3203
3204
3205
3205
3205
3206
3207
3208
3209
3209
3209
3210
3210
3211
3211
3211
3212
3213
3214
3214
3215
3215
3216
3216
3220
3220
3220
3220
3221
3221
3221
3221
3222
3222
3223
3223
3223
3225
3228
3228
3228
3229
3229
3229
3233
3233
3233
3234
3234
3234
3234
3235
3236
3237
3237
3237
3238
3240
3241
3243
3244
3247
3247
3247
3248
3249
3249
3250
3252
3253
3255
3256
3257
3257
3258
3262
3263
3267
3267
3268
3270
3271
3271
3275
3278
3279
3281
3281
3285
3285
3286
3286
3287
3288
3288
3289
3289
3291
3294
3294
3294
3295
3295
3296
3296
3297
3298
3302
3304
3307
3308
3308
3309
3309
3310
3311
3313
3315
3316
3316
3316
3317
3318
3319
3320
3321
3321
3322
3322
3323
3323
3324
3327
3329
3330
3330
3333
3334
3335
3335
3335
3336
3336
3336
3337
3338
3340
3341
3342
3342
3342
3343
3344
3344
3344
3345
3347
3349
3351
3351
3351
3353
3354
3354
3354
3354
3356
3357
3358
3358
3360
3361
3363
3364
3364
3364
3365
3373
3374
3374
3378
3379
3381
3382
3382
3383
3385
3385
3386
3387
3389
3389
3391
3391
3394
3395
3396
3397
3402
3402
3403
3404
3407
3408
3408
3409
3409
3410
3412
3413
3415
3416
3421
3422
3422
3423
3425
3426
3426
3428
3428
3429
3431
3432
3433
3433
3434
3435
3436
3436
3437
3438
3443
3445
3445
3446
3448
3451
3451
3452
3452
3452
3453
3454
3454
3454
3455
3456
3458
3459
3461
3462
3462
3463
3463
3465
3465
3467
3469
3470
3472
3473
3475
3476
3477
3478
3478
3479
3480
3482
3483
3484
3485
3486
3487
3487
3488
3489
3490
3493
3494
3495
3495
3496
3498
3500
3501
3502
3504
3505
3505
3506
3506
3507
3507
3507
3507
3509
3511
3514
3514
3515
3516
3516
3517
3517
3518
3519
3521
3522
3523
3523
3523
3524
3524
3524
3525
3526
3526
3528
3529
3529
3529
3531
3531
3531
3532
3533
3533
3534
3535
3538
3541
3541
3542
3544
3545
3547
3550
3551
3551
3552
3552
3553
3553
3556
3557
3557
3559
3560
3560
3560
3561
3562
3564
3565
3565
3566
3567
3569
3569
3570
3572
3573
3573
3574
3574
3575
3576
3578
3579
3579
3579
3580
3580
3582
3583
3584
3585
3587
3589
3589
3589
3589
3590
3590
3591
3591
3593
3593
3594
3595
3596
3597
3597
3598
3600
3605
3606
3606
3608
3608
3608
3608
3609
3609
3610
3610
3611
3611
3612
3612
3613
3613
3616
3619
3619
3619
3619
3620
3620
3623
3623
3623
3623
3625
3625
3626
3626
3627
3627
3628
3629
3630
3630
3630
3631
3633
3634
3635
3636
3639
3641
3642
3643
3644
3647
3648
3649
3649
3651
3651
3653
3654
3654
3654
3655
3656
3657
3657
3659
3659
3659
3660
3662
3664
3665
3666
3667
3668
3669
3669
3669
3669
3669
3670
3672
3673
3673
3676
3677
3678
3678
3679
3679
3680
3682
3682
3684
3684
3685
3687
3687
3688
3688
3690
3691
3694
3695
3696
3696
3696
3697
3700
3701
3701
3702
3703
3703
3703
3706
3706
3707
3708
3710
3712
3712
3712
3713
3714
3715
3716
3718
3718
3718
3719
3719
3720
3721
3722
3722
3722
3725
3727
3727
3728
3728
3729
3730
3732
3733
3733
3733
3735
3739
3740
3742
3743
3743
3743
3743
3744
3749
3750
3750
3750
3750
3751
3751
3754
3754
3757
3758
3758
3760
3760
3764
3764
3764
3765
3766
3767
3769
3771
3771
3772
3773
3774
3776
3777
3778
3779
3780
3783
3784
3786
3786
3787
3787
3788
3788
3789
3789
3789
3791
3795
3796
3796
3797
3798
3799
3800
3800
3801
3802
3802
3803
3804
3804
3804
3805
3805
3805
3806
3809
3810
3811
3811
3813
3813
3814
3814
3816
3818
3818
3819
3820
3822
3823
3823
3823
3825
3825
3826
3828
3829
3829
3829
3830
3832
3834
3836
3836
3837
3837
3838
3838
3839
3841
3842
3843
3844
3845
3847
3848
3848
3848
3851
3851
3854
3854
3856
3860
3860
3860
3862
3862
3864
3867
3870
3871
3872
3872
3876
3876
3876
3876
3877
3877
3878
3880
3880
3880
3882
3884
3884
3884
3885
3885
3885
3886
3887
3887
3889
3889
3890
3891
3892
3893
3893
3893
3894
3895
3896
3896
3897
3897
3898
3899
3904
3904
3904
3906
3906
3907
3907
3907
3908
3908
3909
3912
3917
3917
3919
3920
3922
3923
3924
3925
3926
3928
3928
3933
3934
3934
3935
3936
3938
3939
3939
3939
3941
3941
3941
3942
3943
3943
3943
3943
3945
3945
3946
3946
3947
3949
3949
3951
3951
3951
3952
3953
3955
3956
3958
3960
3960
3960
3960
3962
3963
3964
3965
3967
3968
3970
3971
3973
3973
3974
3975
3975
3975
3975
3977
3980
3980
3981
3981
3982
3983
3984
3985
3985
3988
3988
3989
3991
3991
3992
3993
3993
3993
3994
3995
3996
3997
4000
4000
4001
4004
4006
4006
4007
4007
4010
4012
4012
4013
4013
4014
4014
4014
4014
4016
4016
4017
4018
4019
4026
4026
4027
4034
4034
4035
4035
4038
4038
4039
4040
4040
4041
4042
4044
4045
4045
4046
4047
4048
4049
4051
4051
4052
4053
4053
4054
4055
4057
4057
4057
4059
4059
4060
4061
4061
4062
4063
4064
4064
4065
4065
4065
4068
4069
4071
4072
4073
4073
4079
4079
4081
4082
4084
4088
4088
4089
4090
4090
4090
4091
4092
4094
4097
4097
4097
4098
4098
4098
4099
4100
4101
4102
4102
4103
4103
4105
4106
4107
4108
4110
4110
4111
4111
4112
4112
4112
4113
4114
4114
4115
4115
4117
4118
4119
4122
4123
4123
4124
4125
4127
4128
4128
4128
4131
4131
4132
4134
4134
4136
4136
4137
4139
4140
4142
4142
4143
4143
4144
4146
4147
4147
4148
4148
4149
4151
4151
4152
4153
4153
4154
4155
4155
4156
4160
4161
4161
4161
4161
4163
4165
4165
4165
4166
4167
4168
4170
4172
4173
4174
4175
4176
4176
4178
4179
4179
4181
4181
4184
4185
4187
4188
4193
4194
4194
4194
4195
4196
4196
4197
4197
4197
4199
4199
4201
4202
4204
4204
4205
4206
4208
4210
4210
4210
4213
4214
4215
4215
4217
4218
4219
4220
4221
4222
4224
4224
4225
4227
4227
4228
4231
4231
4232
4233
4233
4236
4236
4237
4238
4240
4241
4241
4241
4241
4242
4245
4245
4245
4247
4247
4248
4249
4249
4251
4252
4253
4254
4255
4255
4255
4256
4258
4261
4262
4262
4263
4263
4263
4264
4265
4265
4266
4266
4267
4272
4273
4274
4275
4275
4275
4275
4276
4278
4279
4279
4279
4280
4280
4281
4282
4283
4283
4285
4286
4288
4288
4288
4291
4293
4293
4294
4295
4295
4296
4297
4297
4301
4303
4303
4303
4304
4305
4305
4306
4307
4309
4310
4312
4312
4312
4312
4314
4314
4315
4315
4315
4317
4318
4318
4318
4319
4319
4319
4321
4322
4323
4323
4325
4326
4326
4328
4330
4330
4332
4332
4332
4332
4334
4335
4335
4336
4336
4336
4339
4340
4342
4345
4346
4348
4350
4352
4356
4356
4356
4359
4361
4361
4363
4363
4363
4364
4367
4368
4369
4369
4372
4373
4374
4375
4375
4376
4377
4378
4380
4380
4380
4381
4382
4382
4384
4385
4385
4388
4388
4389
4390
4391
4391
4392
4393
4394
4397
4398
4398
4399
4399
4399
4405
4405
4407
4407
4409
4409
4409
4413
4416
4417
4418
4418
4421
4421
4422
4423
4423
4423
4424
4424
4425
4427
4429
4429
4431
4432
4433
4435
4436
4439
4439
4440
4441
4442
4442
4442
4443
4444
4444
4444
4446
4447
4448
4450
4451
4453
4454
4454
4454
4455
4456
4460
4461
4463
4464
4464
4465
4465
4466
4466
4466
4468
4468
4469
4472
4473
4473
4475
4475
4476
4476
4477
4478
4482
4483
4485
4485
4486
4487
4489
4489
4493
4493
4494
4494
4495
4495
4496
4496
4497
4499
4499
4499
4500
4505
4507
4507
4508
4509
4510
4510
4511
4511
4512
4512
4513
4514
4514
4515
4515
4517
4519
4519
4520
4521
4521
4521
4522
4522
4523
4525
4525
4526
4526
4529
4529
4530
4531
4531
4533
4533
4534
4536
4536
4537
4537
4537
4538
4541
4541
4541
4542
4543
4543
4546
4547
4548
4548
4548
4551
4552
4552
4554
4556
4557
4557
4560
4561
4562
4563
4563
4565
4566
4566
4572
4574
4575
4577
4578
4578
4581
4582
4583
4587
4588
4589
4589
4590
4593
4595
4595
4597
4597
4599
4599
4599
4600
4601
4602
4602
4604
4605
4606
4607
4607
4609
4613
4613
4614
4615
4616
4617
4619
4623
4623
4623
4623
4623
4625
4627
4627
4627
4628
4628
4629
4631
4632
4632
4637
4637
4637
4640
4641
4643
4646
4646
4647
4648
4650
4650
4652
4653
4653
4653
4654
4655
4655
4656
4658
4659
4660
4661
4661
4662
4663
4664
4666
4667
4667
4669
4669
4669
4670
4671
4673
4673
4673
4675
4676
4676
4677
4678
4679
4679
4683
4685
4688
4689
4689
4694
4694
4695
4696
4696
4697
4701
4701
4703
4704
4705
4706
4706
4707
4708
4708
4708
4710
4713
4713
4713
4715
4720
4721
4721
4722
4724
4725
4725
4725
4725
4726
4726
4727
4728
4728
4728
4728
4729
4730
4730
4731
4731
4733
4736
4736
4737
4737
4738
4738
4739
4739
4739
4739
4741
4742
4743
4744
4745
4745
4745
4746
4747
4747
4748
4749
4751
4752
4753
4753
4755
4756
4757
4757
4762
4762
4763
4764
4766
4767
4769
4770
4774
4775
4776
4777
4779
4779
4779
4779
4780
4781
4781
4783
4784
4784
4784
4785
4786
4786
4787
4787
4788
4788
4789
4790
4790
4791
4792
4792
4792
4793
4794
4794
4794
4795
4796
4797
4798
4801
4802
4802
4804
4810
4810
4810
4811
4811
4812
4812
4815
4816
4817
4819
4820
4821
4821
4822
4823
4823
4824
4824
4825
4826
4827
4827
4828
4830
4830
4831
4831
4833
4833
4834
4837
4839
4839
4839
4839
4840
4840
4840
4841
4843
4843
4845
4845
4846
4846
4846
4847
4848
4852
4852
4853
4857
4858
4858
4859
4859
4861
4863
4864
4867
4867
4868
4871
4873
4873
4874
4874
4875
4876
4878
4878
4878
4879
4879
4879
4880
4880
4881
4882
4883
4884
4884
4885
4885
4885
4886
4887
4887
4887
4889
4889
4889
4890
4892
4896
4897
4897
4898
4899
4899
4899
4899
4901
4901
4901
4901
4902
4905
4906
4907
4907
4908
4909
4913
4915
4918
4924
4924
4926
4930
4931
4932
4932
4936
4938
4942
4942
4943
4944
4945
4946
4946
4949
4949
4949
4950
4950
4950
4950
4950
4951
4951
4953
4954
4955
4957
4957
4957
4958
4959
4960
4962
4963
4964
4966
4966
4968
4969
4969
4971
4971
4971
4972
4973
4973
4974
4976
4977
4979
4980
4980
4982
4983
4983
4985
4986
4988
4990
4991
4992
4997
4998
4999
4999
5002
5004
5006
5007
5007
5009
5010
5010
5012
5013
5014
5014
5017
5018
5022
5023
5023
5025
5025
5030
5031
5031
5032
5033
5033
5034
5034
5035
5036
5036
5036
5037
5038
5038
5039
5039
5040
5040
5041
5042
5043
5043
5044
5044
5046
5047
5047
5047
5048
5049
5049
5049
5049
5050
5051
5051
5052
5053
5053
5053
5053
5054
5054
5056
5058
5060
5061
5062
5063
5064
5064
5064
5066
5067
5068
5070
5071
5072
5073
5073
5074
5078
5079
5081
5081
5082
5082
5085
5085
5087
5087
5092
5092
5095
5096
5098
5100
5102
5103
5104
5106
5107
5108
5108
5108
5110
5110
5110
5111
5111
5112
5112
5113
5116
5116
5116
5116
5118
5125
5126
5129
5130
5130
5131
5131
5133
5134
5135
5135
5136
5138
5138
5140
5140
5140
5141
5142
5144
5145
5145
5145
5145
5146
5147
5148
5149
5149
5151
5152
5153
5153
5154
5154
5155
5156
5161
5161
5162
5163
5165
5167
5167
5167
5167
5167
5168
5169
5170
5172
5172
5174
5176
5176
5177
5178
5180
5181
5185
5185
5187
5188
5188
5189
5189
5189
5193
5193
5194
5195
5196
5197
5198
5199
5200
5202
5203
5203
5203
5204
5204
5205
5208
5208
5209
5210
5210
5213
5215
5216
5217
5220
5220
5222
5222
5223
5228
5229
5229
5229
5231
5232
5232
5232
5232
5235
5236
5238
5241
5241
5244
5244
5245
5246
5246
5246
5247
5247
5248
5249
5249
5251
5253
5255
5255
5257
5257
5258
5261
5261
5264
5265
5266
5268
5268
5269
5270
5270
5270
5271
5272
5272
5274
5274
5274
5280
5281
5281
5284
5284
5290
5290
5291
5291
5291
5292
5295
5296
5297
5298
5298
5299
5301
5302
5303
5303
5305
5306
5307
5307
5308
5309
5309
5310
5311
5311
5316
5318
5320
5322
5323
5324
5325
5327
5327
5328
5329
5329
5330
5330
5330
5332
5333
5334
5334
5335
5335
5335
5336
5342
5342
5343
5343
5346
5348
5349
5349
5351
5352
5353
5353
5354
5354
5354
5356
5356
5356
5356
5357
5358
5360
5361
5361
5361
5362
5363
5364
5364
5366
5367
5367
5368
5369
5370
5371
5372
5372
5374
5375
5375
5376
5376
5376
5376
5377
5382
5385
5387
5387
5391
5392
5393
5393
5395
5395
5397
5398
5399
5400
5404
5405
5406
5409
5410
5411
5412
5412
5413
5414
5416
5418
5418
5419
5419
5420
5421
5422
5425
5425
5430
5430
5432
5433
5434
5434
5435
5435
5435
5436
5436
5436
5437
5440
5440
5440
5441
5441
5442
5443
5443
5443
5443
5443
5444
5445
5446
5447
5447
5447
5447
5447
5448
5448
5449
5450
5451
5452
5453
5453
5454
5454
5456
5458
5458
5458
5459
5461
5461
5464
5465
5465
5465
5466
5467
5468
5468
5469
5471
5471
5471
5471
5472
5472
5473
5474
5476
5477
5479
5479
5481
5481
5482
5483
5485
5489
5490
5490
5490
5491
5491
5492
5494
5494
5496
5497
5497
5499
5507
5507
5508
5509
5509
5510
5511
5512
5512
5513
5514
5515
5515
5517
5517
5517
5518
5518
5518
5518
5518
5519
5521
5522
5522
5523
5523
5525
5526
5526
5528
5528
5530
5533
5535
5535
5535
5536
5536
5537
5537
5538
5538
5538
5539
5541
5542
5543
5543
5544
5544
5544
5544
5546
5547
5547
5547
5547
5548
5552
5552
5552
5553
5554
5555
5556
5556
5557
5557
5558
5560
5565
5567
5568
5570
5571
5571
5572
5572
5572
5572
5573
5575
5576
5576
5577
5577
5578
5578
5580
5581
5583
5584
5584
5586
5586
5587
5589
5589
5592
5592
5592
5593
5598
5599
5599
5602
5602
5603
5603
5603
5605
5606
5606
5607
5608
5608
5608
5609
5610
5610
5615
5615
5615
5617
5617
5618
5619
5619
5620
5620
5623
5626
5626
5627
5627
5628
5628
5629
5631
5633
5634
5634
5637
5638
5638
5639
5640
5642
5647
5648
5648
5648
5653
5654
5657
5658
5658
5659
5659
5660
5661
5661
5663
5664
5666
5667
5669
5669
5670
5671
5672
5673
5675
5675
5678
5679
5681
5683
5683
5684
5685
5686
5687
5688
5689
5690
5690
5691
5692
5693
5693
5696
5697
5697
5698
5698
5698
5702
5702
5703
5703
5705
5707
5709
5709
5709
5712
5712
5713
5714
5714
5715
5716
5717
5718
5719
5720
5720
5720
5721
5723
5723
5724
5728
5729
5730
5730
5730
5731
5731
5733
5734
5735
5735
5737
5738
5739
5739
5741
5742
5743
5745
5745
5746
5746
5747
5748
5749
5749
5749
5750
5750
5750
5750
5752
5752
5753
5754
5756
5758
5758
5759
5760
5761
5761
5761
5762
5764
5764
5766
5767
5769
5770
5771
5771
5773
5773
5774
5774
5775
5775
5775
5775
5776
5778
5778
5778
5778
5778
5779
5780
5781
5782
5786
5787
5787
5787
5788
5788
5788
5789
5789
5790
5791
5791
5793
5794
5794
5795
5795
5795
5797
5801
5801
5801
5802
5802
5804
5806
5808
5808
5808
5808
5810
5810
5810
5813
5813
5813
5813
5815
5816
5816
5818
5818
5819
5820
5821
5821
5822
5825
5825
5826
5829
5830
5830
5831
5832
5832
5833
5833
5834
5835
5836
5837
5837
5838
5838
5839
5841
5842
5842
5846
5847
5848
5849
5850
5850
5851
5853
5854
5854
5854
5856
5856
5856
5857
5859
5859
5859
5860
5860
5863
5864
5864
5865
5866
5868
5868
5872
5872
5872
5873
5874
5874
5875
5879
5883
5883
5885
5886
5886
5887
5888
5890
5890
5891
5891
5891
5894
5896
5896
5897
5897
5899
5899
5900
5900
5901
5901
5901
5901
5902
5902
5903
5903
5904
5904
5904
5906
5906
5906
5907
5907
5908
5910
5910
5911
5911
5911
5911
5914
5915
5918
5919
5920
5922
5922
5922
5923
5923
5924
5924
5925
5925
5925
5925
5927
5928
5929
5929
5929
5929
5931
5932
5933
5934
5934
5936
5936
5939
5939
5942
5943
5943
5943
5943
5945
5947
5948
5949
5949
5950
5951
5952
5953
5953
5953
5953
5954
5955
5955
5958
5958
5961
5962
5964
5964
5965
5967
5967
5968
5970
5971
5972
5972
5973
5974
5975
5975
5976
5976
5976
5977
5980
5982
5984
5985
5985
5986
5987
5990
5995
5995
5996
5999
6000
6000
6000
6001
6001
6002
6004
6004
6004
6005
6006
6009
6009
6010
6010
6011
6012
6013
6014
6015
6017
6018
6020
6021
6021
6022
6022
6022
6023
6024
6024
6025
6026
6026
6028
6028
6028
6029
6033
6036
6037
6038
6038
6042
6043
6043
6047
6047
6048
6048
6048
6049
6056
6056
6057
6057
6058
6060
6060
6060
6062
6062
6063
6063
6064
6065
6066
6066
6067
6068
6071
6073
6073
6074
6075
6075
6075
6076
6076
6076
6078
6080
6081
6082
6083
6083
6083
6083
6083
6085
6085
6085
6086
6087
6087
6089
6090
6090
6092
6092
6092
6093
6095
6095
6096
6096
6097
6098
6098
6101
6101
6102
6103
6104
6105
6107
6109
6110
6110
6111
6113
6114
6115
6116
6116
6117
6119
6120
6121
6121
6123
6124
6127
6129
6129
6130
6133
6133
6135
6136
6136
6137
6138
6139
6139
6140
6140
6141
6144
6144
6148
6150
6151
6151
6151
6152
6152
6152
6153
6154
6154
6155
6157
6157
6157
6158
6158
6158
6160
6161
6162
6163
6163
6163
6164
6164
6164
6165
6165
6168
6170
6170
6171
6172
6173
6173
6174
6175
6177
6177
6178
6179
6181
6182
6182
6183
6183
6184
6185
6191
6192
6193
6193
6193
6193
6194
6195
6195
6199
6200
6200
6202
6203
6204
6205
6205
6207
6209
6212
6212
6213
6215
6215
6216
6218
6218
6219
6219
6220
6221
6221
6222
6224
6224
6224
6225
6225
6225
6227
6227
6230
6232
6232
6234
6235
6235
6235
6237
6237
6239
6239
6239
6241
6242
6245
6246
6246
6247
6248
6248
6249
6249
6249
6249
6252
6253
6257
6258
6259
6260
6262
6262
6264
6269
6269
6270
6270
6272
6272
6273
6275
6276
6278
6278
6282
6282
6282
6283
6284
6284
6286
6288
6290
6290
6291
6292
6292
6292
6293
6294
6294
6294
6296
6296
6297
6297
6299
6301
6302
6303
6306
6307
6307
6308
6308
6309
6309
6309
6309
6310
6310
6311
6312
6314
6315
6316
6316
6318
6323
6323
6323
6326
6327
6327
6332
6332
6335
6336
6338
6338
6339
6340
6340
6341
6341
6341
6343
6346
6346
6347
6348
6349
6349
6350
6350
6350
6350
6351
6352
6352
6352
6352
6353
6355
6355
6356
6356
6356
6358
6359
6361
6361
6361
6361
6362
6363
6363
6365
6366
6369
6369
6370
6372
6372
6372
6372
6372
6374
6374
6375
6379
6380
6380
6380
6380
6384
6384
6386
6386
6386
6390
6391
6392
6392
6393
6393
6395
6395
6395
6398
6399
6400
6400
6401
6402
6403
6403
6404
6404
6404
6405
6406
6406
6407
6408
6408
6409
6411
6413
6414
6416
6418
6420
6422
6422
6424
6426
6432
6433
6433
6434
6434
6439
6439
6440
6441
6441
6441
6441
6441
6443
6444
6448
6448
6451
6452
6453
6455
6456
6458
6460
6461
6463
6464
6465
6466
6467
6467
6468
6468
6471
6471
6471
6471
6471
6473
6474
6475
6477
6478
6479
6479
6480
6482
6483
6484
6485
6486
6487
6487
6488
6489
6489
6489
6491
6491
6492
6494
6496
6496
6497
6497
6498
6501
6502
6503
6504
6507
6507
6508
6508
6510
6510
6510
6512
6512
6512
6512
6513
6514
6515
6516
6518
6518
6520
6522
6523
6524
6524
6524
6524
6525
6526
6528
6528
6530
6532
6533
6533
6533
6534
6535
6535
6537
6537
6539
6540
6542
6542
6543
6543
6543
6544
6544
6545
6547
6547
6549
6549
6549
6550
6552
6552
6556
6560
6561
6561
6563
6563
6564
6564
6565
6565
6566
6566
6569
6569
6573
6575
6576
6577
6577
6580
6580
6580
6582
6582
6582
6584
6584
6585
6585
6585
6586
6587
6587
6588
6592
6594
6594
6596
6596
6596
6596
6597
6601
6601
6601
6602
6602
6602
6603
6603
6603
6604
6605
6607
6607
6607
6607
6610
6611
6612
6613
6614
6614
6616
6618
6622
6623
6623
6623
6624
6624
6625
6628
6629
6629
6630
6631
6637
6638
6638
6638
6638
6638
6639
6640
6640
6640
6641
6644
6644
6645
6645
6646
6647
6647
6648
6649
6651
6652
6653
6655
6656
6657
6657
6658
6659
6661
6662
6664
6664
6664
6664
6665
6665
6665
6666
6667
6669
6670
6670
6670
6671
6671
6671
6674
6675
6676
6676
6681
6682
6684
6684
6684
6685
6685
6685
6685
6685
6687
6687
6687
6687
6691
6691
6693
6693
6694
6695
6698
6698
6698
6699
6699
6700
6701
6702
6702
6702
6702
6702
6703
6705
6706
6706
6706
6707
6708
6708
6709
6710
6711
6711
6712
6713
6713
6713
6715
6715
6716
6718
6718
6718
6719
6720
6720
6721
6722
6723
6724
6724
6725
6726
6728
6729
6729
6731
6731
6735
6735
6738
6738
6738
6739
6739
6740
6740
6741
6742
6742
6743
6743
6744
6744
6745
6747
6747
6747
6748
6748
6749
6750
6753
6754
6755
6755
6757
6759
6761
6761
6763
6764
6765
6766
6767
6769
6770
6771
6776
6778
6778
6779
6780
6780
6781
6781
6781
6782
6783
6783
6784
6786
6787
6788
6791
6791
6791
6793
6794
6795
6796
6797
6797
6797
6797
6801
6802
6802
6806
6806
6806
6809
6809
6809
6811
6811
6812
6812
6813
6813
6813
6815
6817
6819
6820
6820
6820
6821
6821
6822
6822
6825
6827
6831
6832
6833
6833
6835
6836
6837
6838
6838
6838
6840
6840
6840
6841
6842
6847
6849
6850
6851
6852
6852
6853
6853
6854
6854
6855
6856
6857
6857
6859
6859
6860
6860
6860
6860
6862
6862
6862
6862
6863
6863
6863
6864
6865
6867
6868
6868
6869
6873
6874
6874
6874
6875
6875
6875
6876
6876
6877
6877
6877
6878
6878
6880
6883
6884
6885
6887
6889
6889
6889
6890
6890
6894
6895
6896
6897
6897
6898
6899
6899
6899
6900
6902
6904
6905
6907
6908
6909
6910
6910
6913
6913
6914
6916
6919
6920
6921
6921
6921
6923
6925
6925
6927
6927
6927
6928
6929
6929
6929
6930
6931
6932
6933
6933
6933
6933
6935
6938
6938
6939
6940
6940
6940
6947
6948
6949
6949
6950
6951
6951
6952
6954
6955
6955
6956
6957
6958
6958
6959
6961
6961
6961
6964
6967
6973
6973
6974
6975
6976
6976
6976
6976
6977
6977
6977
6977
6978
6982
6982
6982
6983
6984
6984
6986
6986
6987
6987
6987
6990
6990
6991
6992
6993
6995
6996
6998
6998
6999
6999
7000
7002
7002
7002
7003
7003
7004
7006
7007
7007
7009
7010
7010
7010
7012
7012
7013
7014
7014
7014
7018
7019
7021
7024
7025
7027
7028
7028
7029
7030
7031
7032
7033
7034
7039
7041
7043
7051
7051
7052
7052
7054
7054
7055
7056
7056
7056
7057
7057
7057
7060
7062
7067
7068
7068
7070
7070
7072
7076
7076
7078
7079
7082
7083
7083
7084
7086
7086
7086
7088
7088
7088
7089
7091
7092
7093
7097
7097
7098
7099
7099
7099
7100
7100
7100
7101
7101
7102
7103
7103
7103
7103
7103
7104
7104
7104
7105
7106
7107
7107
7108
7110
7110
7110
7111
7111
7112
7113
7113
7116
7119
7119
7125
7126
7126
7126
7130
7131
7132
7133
7134
7135
7135
7135
7136
7136
7136
7138
7141
7142
7145
7146
7146
7149
7151
7151
7152
7152
7153
7153
7153
7155
7155
7156
7156
7159
7162
7162
7163
7163
7163
7164
7165
7166
7166
7167
7168
7169
7170
7170
7171
7172
7174
7174
7175
7176
7176
7178
7179
7180
7182
7182
7184
7184
7184
7185
7187
7189
7190
7192
7194
7194
7195
7195
7195
7197
7197
7198
7199
7200
7201
7201
7201
7202
7203
7203
7204
7205
7205
7205
7206
7206
7206
7206
7207
7210
7210
7210
7211
7211
7213
7213
7214
7214
7217
7219
7221
7221
7223
7225
7225
7226
7226
7227
7228
7229
7229
7229
7230
7231
7231
7232
7232
7236
7236
7240
7240
7241
7242
7243
7244
7246
7247
7247
7248
7248
7248
7249
7250
7251
7252
7253
7253
7258
7260
7261
7263
7264
7265
7265
7265
7267
7267
7268
7269
7271
7271
7273
7274
7280
7280
7283
7283
7283
7283
7285
7286
7286
7287
7287
7289
7289
7291
7293
7295
7296
7297
7298
7299
7299
7302
7303
7304
7305
7305
7305
7308
7310
7312
7312
7317
7318
7320
7323
7325
7327
7328
7332
7333
7335
7335
7336
7338
7342
7345
7345
7346
7348
7348
7349
7351
7352
7353
7354
7356
7359
7362
7364
7365
7365
7366
7366
7367
7367
7369
7369
7370
7371
7371
7372
7373
7375
7375
7378
7378
7380
7381
7383
7385
7386
7388
7391
7391
7394
7397
7398
7399
7401
7402
7402
7403
7405
7405
7406
7407
7408
7408
7409
7412
7414
7414
7415
7415
7415
7415
7416
7419
7420
7421
7426
7426
7429
7431
7432
7432
7434
7434
7434
7437
7440
7443
7443
7445
7445
7449
7449
7449
7450
7452
7455
7455
7458
7459
7460
7461
7462
7463
7464
7465
7465
7465
7467
7467
7470
7470
7470
7471
7472
7473
7474
7475
7475
7476
7478
7479
7480
7483
7483
7484
7485
7486
7492
7493
7496
7496
7496
7497
7498
7499
7499
7500
7501
7502
7502
7502
7504
7504
7505
7509
7510
7511
7512
7513
7514
7516
7516
7516
7519
7519
7520
7524
7524
7526
7526
7529
7532
7534
7535
7535
7537
7537
7538
7538
7541
7543
7545
7545
7547
7547
7549
7552
7552
7554
7554
7554
7555
7555
7556
7556
7556
7556
7557
7557
7558
7559
7559
7559
7560
7561
7562
7563
7563
7563
7564
7566
7567
7567
7568
7569
7569
7572
7574
7574
7576
7576
7577
7577
7578
7579
7579
7579
7580
7584
7586
7587
7587
7587
7588
7588
7591
7593
7594
7596
7599
7600
7601
7601
7603
7603
7604
7606
7607
7607
7608
7609
7611
7611
7611
7611
7611
7611
7612
7613
7615
7615
7616
7618
7618
7618
7619
7621
7622
7624
7625
7628
7628
7632
7633
7633
7634
7635
7635
7636
7640
7640
7641
7644
7644
7647
7647
7648
7649
7650
7654
7654
7656
7657
7659
7660
7664
7665
7666
7667
7667
7670
7670
7671
7672
7672
7672
7672
7673
7675
7675
7676
7677
7678
7678
7683
7683
7684
7685
7686
7688
7688
7689
7690
7691
7693
7694
7695
7696
7696
7696
7699
7700
7701
7704
7706
7706
7707
7708
7708
7709
7709
7711
7713
7714
7714
7715
7717
7719
7719
7719
7720
7720
7722
7724
7724
7725
7725
7726
7726
7728
7728
7729
7729
7733
7733
7736
7736
7737
7737
7737
7738
7739
7739
7740
7743
7743
7744
7746
7749
7749
7749
7750
7751
7752
7753
7754
7754
7754
7754
7755
7756
7756
7759
7760
7760
7761
7761
7762
7763
7763
7764
7769
7770
7772
7772
7774
7776
7778
7778
7779
7780
7782
7784
7785
7785
7785
7786
7787
7787
7787
7788
7794
7794
7794
7794
7795
7795
7796
7796
7797
7802
7805
7805
7806
7806
7806
7807
7808
7811
7812
7812
7813
7813
7813
7813
7813
7814
7816
7819
7821
7825
7826
7826
7827
7827
7827
7828
7830
7831
7831
7832
7834
7835
7836
7836
7836
7838
7840
7841
7843
7843
7843
7846
7846
7853
7854
7855
7860
7861
7863
7863
7864
7865
7868
7868
7869
7872
7872
7872
7874
7875
7876
7876
7876
7877
7877
7879
7880
7880
7881
7882
7882
7888
7889
7889
7891
7893
7893
7894
7895
7896
7896
7896
7897
7898
7899
7899
7902
7903
7904
7904
7906
7906
7907
7908
7908
7908
7911
7912
7912
7914
7915
7915
7917
7917
7917
7917
7919
7920
7921
7922
7923
7924
7926
7926
7927
7928
7930
7930
7930
7930
7932
7933
7934
7934
7935
7936
7936
7939
7940
7941
7942
7943
7943
7944
7945
7945
7946
7949
7949
7949
7950
7950
7950
7951
7951
7951
7952
7952
7953
7954
7956
7957
7957
7958
7960
7961
7964
7965
7967
7969
7971
7971
7972
7974
7975
7975
7976
7976
7977
7977
7977
7977
7978
7979
7984
7984
7990
7991
7991
7992
7992
7993
7996
7998
7998
7999
8002
8002
8002
8003
8004
8006
8006
8006
8007
8008
8008
8010
8011
8015
8016
8017
8017
8018
8018
8019
8021
8022
8022
8023
8024
8024
8026
8027
8027
8027
8028
8028
8029
8030
8032
8036
8037
8038
8040
8040
8040
8046
8046
8046
8046
8047
8049
8050
8053
8053
8054
8055
8055
8057
8059
8060
8064
8064
8065
8066
8066
8067
8067
8070
8070
8070
8071
8071
8073
8073
8074
8074
8074
8075
8075
8076
8076
8077
8079
8080
8080
8080
8082
8082
8082
8083
8084
8084
8085
8085
8085
8086
8087
8088
8089
8091
8092
8092
8093
8094
8095
8097
8098
8099
8099
8099
8099
8103
8104
8106
8107
8109
8109
8110
8111
8112
8113
8113
8115
8115
8116
8116
8116
8118
8121
8121
8124
8124
8125
8125
8126
8126
8127
8128
8129
8130
8131
8132
8132
8133
8133
8135
8137
8137
8137
8138
8139
8142
8143
8143
8144
8144
8145
8145
8145
8147
8147
8148
8149
8151
8152
8152
8152
8153
8154
8155
8156
8157
8157
8159
8159
8160
8161
8162
8162
8163
8164
8165
8166
8167
8167
8167
8167
8168
8169
8169
8171
8173
8174
8174
8175
8176
8176
8178
8180
8180
8181
8184
8187
8189
8189
8191
8191
8194
8194
8194
8195
8199
8201
8201
8202
8202
8203
8204
8205
8206
8206
8207
8208
8208
8209
8209
8209
8210
8210
8213
8214
8215
8216
8216
8217
8217
8217
8218
8218
8219
8219
8223
8224
8225
8226
8227
8229
8229
8230
8230
8230
8231
8232
8233
8234
8236
8238
8240
8240
8244
8244
8244
8244
8245
8245
8247
8247
8248
8249
8250
8252
8253
8253
8254
8256
8256
8256
8259
8260
8260
8262
8263
8264
8266
8266
8267
8268
8269
8269
8270
8271
8272
8272
8272
8274
8274
8275
8275
8275
8276
8277
8278
8283
8283
8284
8285
8288
8288
8288
8289
8290
8290
8292
8292
8292
8295
8296
8298
8299
8301
8302
8302
8303
8303
8304
8304
8305
8307
8308
8309
8313
8313
8314
8317
8319
8322
8324
8324
8326
8326
8327
8327
8328
8328
8328
8329
8330
8332
8336
8336
8337
8339
8339
8340
8341
8341
8343
8344
8344
8344
8346
8348
8348
8349
8350
8350
8350
8351
8354
8355
8355
8356
8356
8357
8358
8359
8360
8362
8364
8364
8364
8367
8368
8370
8370
8370
8371
8371
8374
8374
8376
8377
8378
8380
8381
8383
8386
8387
8390
8390
8393
8393
8396
8397
8397
8399
8399
8400
8400
8402
8402
8404
8405
8405
8406
8407
8407
8408
8408
8408
8408
8408
8410
8410
8411
8413
8414
8414
8415
8418
8418
8418
8421
8422
8424
8424
8424
8425
8425
8426
8427
8427
8432
8432
8433
8437
8438
8440
8441
8441
8442
8442
8444
8446
8447
8449
8450
8451
8453
8454
8455
8458
8459
8460
8461
8462
8463
8464
8466
8467
8469
8469
8469
8469
8469
8470
8474
8474
8474
8475
8475
8480
8481
8481
8484
8487
8487
8489
8489
8490
8490
8490
8491
8491
8492
8492
8492
8493
8493
8494
8495
8495
8495
8495
8497
8498
8498
8498
8499
8499
8499
8500
8504
8506
8506
8506
8507
8509
8509
8511
8513
8513
8514
8515
8516
8517
8518
8519
8520
8524
8525
8525
8530
8531
8533
8533
8534
8537
8538
8542
8543
8543
8543
8544
8546
8547
8548
8548
8549
8550
8552
8553
8554
8555
8555
8556
8559
8559
8561
8563
8563
8563
8565
8565
8567
8567
8567
8568
8568
8568
8569
8569
8569
8570
8570
8571
8572
8573
8577
8577
8578
8579
8579
8580
8581
8581
8582
8583
8584
8584
8587
8587
8587
8587
8588
8589
8591
8591
8591
8594
8596
8597
8598
8598
8598
8603
8603
8604
8604
8605
8605
8606
8607
8607
8608
8610
8612
8613
8613
8613
8614
8614
8618
8620
8621
8623
8623
8626
8627
8627
8628
8630
8630
8632
8633
8633
8633
8635
8641
8642
8642
8643
8643
8643
8644
8646
8646
8648
8648
8648
8650
8651
8653
8656
8657
8657
8658
8659
8661
8661
8662
8662
8663
8665
8665
8666
8667
8668
8669
8670
8670
8670
8671
8671
8672
8672
8672
8673
8675
8676
8677
8679
8679
8679
8680
8680
8681
8682
8683
8684
8685
8685
8685
8686
8687
8687
8687
8687
8688
8690
8690
8691
8691
8692
8695
8695
8698
8699
8702
8703
8708
8709
8709
8709
8712
8713
8714
8717
8718
8718
8720
8720
8721
8721
8721
8722
8726
8727
8728
8729
8730
8731
8736
8737
8739
8740
8745
8745
8747
8749
8749
8752
8753
8753
8754
8754
8757
8759
8759
8760
8761
8761
8761
8762
8763
8764
8768
8768
8769
8771
8772
8773
8774
8775
8775
8775
8775
8776
8777
8777
8779
8779
8780
8780
8780
8781
8781
8781
8781
8783
8783
8783
8784
8784
8785
8785
8787
8787
8789
8791
8796
8797
8797
8798
8799
8801
8801
8804
8806
8806
8806
8806
8806
8806
8807
8810
8810
8810
8811
8811
8812
8812
8812
8813
8813
8814
8814
8814
8815
8817
8820
8820
8822
8823
8823
8824
8825
8825
8829
8829
8832
8832
8835
8836
8837
8837
8838
8839
8839
8839
8840
8841
8842
8843
8845
8846
8847
8848
8850
8851
8857
8858
8860
8863
8865
8865
8866
8867
8868
8868
8868
8869
8869
8869
8870
8871
8872
8873
8875
8876
8878
8878
8881
8882
8882
8882
8885
8886
8887
8888
8888
8889
8890
8891
8891
8892
8892
8892
8892
8893
8894
8894
8895
8896
8896
8897
8898
8899
8901
8902
8905
8908
8910
8910
8910
8910
8910
8911
8911
8913
8914
8915
8918
8922
8924
8924
8924
8926
8926
8927
8929
8929
8930
8931
8931
8932
8932
8932
8935
8937
8937
8939
8940
8941
8942
8942
8942
8944
8945
8945
8946
8947
8947
8947
8948
8951
8951
8952
8953
8953
8956
8957
8961
8961
8961
8961
8961
8961
8962
8963
8963
8964
8964
8964
8965
8965
8966
8966
8966
8968
8968
8971
8973
8974
8976
8977
8979
8981
8981
8983
8985
8986
8987
8987
8988
8991
8991
8993
8994
8995
8997
8997
8997
8999
8999
9001
9003
9003
9004
9005
9006
9008
9008
9011
9014
9016
9016
9016
9019
9019
9019
9020
9020
9021
9022
9022
9024
9024
9025
9025
9025
9027
9027
9027
9027
9028
9028
9030
9032
9032
9032
9033
9034
9037
9037
9042
9043
9043
9046
9047
9048
9048
9048
9049
9050
9052
9053
9055
9055
9056
9057
9057
9058
9059
9060
9063
9064
9064
9065
9065
9065
9067
9068
9068
9070
9071
9071
9071
9073
9073
9074
9076
9077
9078
9079
9079
9079
9081
9081
9081
9081
9082
9086
9086
9086
9087
9087
9088
9088
9089
9090
9091
9091
9092
9092
9092
9094
9094
9094
9095
9095
9095
9096
9096
9098
9099
9099
9099
9099
9099
9100
9102
9102
9102
9103
9103
9103
9105
9107
9107
9108
9108
9108
9109
9109
9112
9113
9115
9116
9117
9117
9119
9120
9121
9122
9123
9123
9124
9125
9126
9127
9129
9129
9131
9134
9136
9138
9139
9139
9141
9141
9145
9146
9146
9147
9147
9148
9148
9149
9150
9150
9153
9153
9153
9154
9154
9154
9156
9161
9161
9162
9167
9167
9169
9170
9170
9171
9171
9172
9174
9174
9175
9175
9176
9177
9178
9179
9179
9179
9179
9180
9182
9183
9183
9186
9187
9189
9190
9190
9191
9191
9192
9192
9193
9193
9196
9196
9196
9198
9199
9199
9203
9203
9203
9203
9205
9206
9206
9206
9210
9210
9210
9213
9213
9215
9215
9216
9219
9219
9221
9222
9224
9224
9225
9225
9225
9229
9231
9231
9233
9234
9234
9235
9236
9236
9237
9238
9238
9238
9238
9239
9240
9241
9243
9244
9244
9245
9246
9246
9247
9248
9248
9249
9250
9250
9252
9253
9255
9256
9257
9257
9258
9259
9260
9260
9261
9262
9262
9263
9264
9264
9265
9267
9268
9271
9271
9273
9277
9277
9278
9278
9279
9280
9281
9282
9282
9282
9284
9284
9284
9286
9288
9288
9289
9289
9290
9290
9290
9291
9292
9294
9294
9295
9296
9297
9298
9299
9299
9300
9300
9303
9303
9304
9305
9305
9307
9310
9313
9314
9315
9315
9315
9316
9321
9323
9323
9323
9327
9327
9327
9327
9327
9328
9331
9331
9333
9334
9336
9337
9337
9338
9339
9339
9340
9342
9344
9345
9345
9347
9347
9349
9349
9350
9351
9351
9352
9353
9353
9353
9354
9354
9355
9356
9356
9357
9358
9358
9359
9360
9365
9365
9367
9368
9368
9369
9370
9372
9373
9373
9374
9375
9378
9378
9380
9380
9382
9382
9382
9382
9382
9383
9383
9386
9388
9388
9389
9390
9394
9395
9396
9397
9397
9397
9398
9398
9398
9399
9399
9400
9401
9401
9402
9403
9403
9404
9404
9405
9405
9406
9407
9407
9408
9408
9410
9412
9413
9413
9415
9416
9416
9417
9418
9418
9420
9421
9423
9427
9428
9428
9431
9431
9432
9433
9436
9436
9436
9436
9437
9438
9439
9439
9441
9441
9441
9442
9442
9443
9443
9443
9443
9444
9446
9446
9446
9448
9448
9451
9451
9452
9452
9453
9453
9454
9458
9459
9460
9461
9462
9464
9466
9466
9466
9467
9467
9467
9468
9469
9470
9471
9472
9472
9473
9473
9475
9475
9476
9477
9478
9478
9480
9481
9482
9483
9485
9486
9488
9490
9491
9494
9495
9495
9496
9496
9498
9498
9499
9499
9500
9501
9502
9502
9503
9504
9504
9505
9505
9505
9506
9507
9508
9508
9508
9510
9512
9515
9515
9515
9516
9517
9517
9518
9519
9520
9520
9521
9522
9524
9524
9524
9526
9527
9528
9529
9531
9532
9532
9533
9534
9535
9535
9536
9536
9536
9536
9538
9542
9542
9544
9544
9547
9547
9548
9549
9549
9550
9551
9553
9554
9557
9560
9561
9561
9561
9562
9565
9566
9566
9566
9568
9568
9570
9571
9573
9573
9574
9576
9578
9580
9583
9584
9585
9587
9587
9587
9588
9589
9589
9591
9592
9592
9593
9593
9594
9597
9599
9600
9601
9603
9604
9605
9605
9610
9611
9611
9611
9612
9614
9615
9615
9615
9615
9616
9616
9616
9619
9619
9620
9620
9622
9622
9623
9625
9625
9625
9626
9626
9626
9629
9632
9633
9633
9633
9635
9635
9636
9636
9637
9637
9639
9639
9639
9640
9642
9644
9647
9647
9648
9648
9648
9653
9653
9655
9656
9656
9656
9658
9658
9659
9659
9659
9660
9660
9661
9663
9666
9667
9668
9669
9669
9670
9671
9671
9672
9675
9676
9677
9680
9681
9681
9682
9682
9682
9683
9685
9685
9686
9688
9689
9690
9691
9691
9693
9693
9693
9694
9694
9696
9696
9696
9697
9698
9700
9700
9700
9700
9701
9702
9704
9704
9705
9705
9707
9708
9709
9710
9711
9711
9711
9712
9713
9713
9713
9714
9715
9715
9716
9716
9717
9719
9723
9724
9724
9727
9727
9728
9728
9728
9730
9731
9732
9732
9732
9732
9734
9736
9736
9738
9741
9742
9742
9744
9747
9750
9750
9752
9753
9753
9754
9756
9757
9758
9761
9761
9762
9762
9763
9765
9766
9766
9767
9767
9768
9768
9768
9770
9770
9771
9775
9775
9775
9776
9777
9779
9781
9783
9784
9785
9785
9789
9789
9790
9790
9790
9792
9792
9794
9798
9798
9799
9800
9800
9802
9805
9806
9806
9808
9808
9808
9809
9809
9810
9810
9810
9811
9814
9814
9815
9815
9815
9816
9817
9820
9821
9822
9823
9824
9826
9827
9828
9830
9832
9833
9835
9836
9837
9837
9838
9839
9839
9842
9844
9845
9846
9848
9849
9851
9851
9853
9856
9857
9858
9858
9858
9859
9860
9861
9863
9866
9867
9867
9867
9868
9869
9869
9869
9869
9871
9871
9871
9874
9875
9875
9878
9878
9879
9879
9879
9880
9881
9882
9882
9885
9886
9886
9887
9888
9889
9889
9892
9895
9897
9897
9897
9898
9903
9904
9906
9907
9908
9908
9908
9910
9913
9914
9915
9916
9917
9918
9918
9918
9919
9921
9922
9922
9923
9923
9924
9924
9924
9925
9925
9926
9928
9929
9931
9935
9935
9937
9939
9940
9940
9942
9942
9942
9943
9944
9945
9946
9946
9947
9948
9949
9950
9950
9953
9954
9955
9955
9955
9956
9956
9958
9960
9960
9961
9963
9963
9963
9964
9964
9964
9966
9966
9966
9966
9967
9967
9969
9970
9972
9973
9974
9975
9976
9977
9978
9978
9979
9981
9981
9982
9982
9983
9985
9985
9986
9990
9991
9991
9991
9992
9993
9993
9995
9995
9996
9997
9998
9999
