10000
5533
1924
8653
963
4466
7283
238
4478
2515
6480
1072
1120
6062
9502
7269
8206
2399
1549
4319
9337
7921
2662
5868
742
5189
7606
7024
2178
6139
6498
8350
1672
4774
7003
8988
5593
639
5578
71
9506
8410
7496
627
4472
6998
4248
9030
9397
2149
3349
5087
6422
6011
955
3517
7552
8561
541
9730
4701
3391
4433
2725
8165
7788
8065
3758
4779
9995
182
4286
8405
7678
1265
2877
4676
5513
1908
425
4014
1609
5512
436
3973
6468
3953
1525
1381
846
7608
2434
589
2041
1512
5107
6181
5929
8865
961
5925
5399
5247
682
3077
6512
3560
4105
8377
1820
883
2391
3429
6395
9179
7402
9215
3133
5280
6949
331
2888
9383
921
1281
7247
6028
3814
3177
1245
4775
5454
6645
6374
6136
6074
9238
9696
6532
7615
7868
7415
6358
7650
162
1890
1404
9378
1375
6684
2679
1706
5924
2062
8979
7205
9310
5007
1020
8839
2605
2147
4293
5602
4874
429
8028
4112
6478
4560
8080
698
8327
790
8348
8490
2680
9753
4220
4055
2789
6899
2114
8714
8961
1093
2271
4623
2453
3291
9814
5058
1791
4107
7012
6665
889
5040
777
7367
5953
5209
4417
4280
6000
2766
2770
8680
8871
6990
2736
1660
3889
1202
374
9203
2295
2646
178
4748
2289
9993
6158
432
452
3170
7097
1341
4563
4227
5060
516
9436
9478
4796
5436
8596
7567
469
7467
909
9557
5479
1151
759
2206
354
3054
4852
6884
4155
3493
3229
313
3926
3682
9836
7375
1375
4399
7954
2788
4915
7391
8618
6063
9179
7214
3630
6000
1033
892
5557
6512
2043
6316
8718
8749
5723
9922
5633
9878
9768
8863
6543
46
8897
6379
7421
272
7130
5376
9412
8397
9119
8030
4461
4650
1596
4443
651
2629
5335
2560
5494
7378
5229
564
6127
952
487
1761
7182
6607
6976
77
6653
5873
2809
426
2497
9939
5802
1910
8337
1273
6292
9150
2276
7889
3593
9279
518
8929
1839
2364
6307
7068
2929
8787
4372
9768
548
7906
6375
3876
7984
9380
6101
793
9806
8598
7084
1961
6860
1773
3234
9505
923
1862
7394
869
1141
4264
9798
2981
6629
2457
6401
5910
1244
7126
5678
8144
5032
8405
2020
9368
7785
8121
6513
7591
3072
9950
5904
6284
8075
9139
5789
5351
7353
9535
6220
8495
3800
2370
7828
6781
4827
581
2691
2424
7707
4721
568
9092
3126
8941
4812
7263
7062
7678
1206
6486
7628
7111
9123
5703
2602
1264
1054
9955
800
3626
8450
4600
5996
2630
1381
824
3212
424
3248
7271
5145
168
2715
4623
9109
3880
8238
2524
1558
9444
5362
5538
2907
4485
7593
5509
5750
8648
5465
6550
8626
267
7502
4623
9250
5235
1799
8814
5659
1399
6085
7156
1567
5153
1779
677
9033
6369
3201
591
5813
8563
6129
8721
9401
3722
582
5151
8722
2399
8053
7349
9019
1907
8324
8269
7142
123
7083
9153
1522
9520
6309
9441
4673
4440
118
3706
809
9671
649
2974
4587
3130
8047
3988
3205
8630
5491
1927
7381
3544
5628
6400
1803
304
1021
8945
427
8104
8098
8301
3977
759
7743
8650
5199
4213
8709
2360
3885
9358
5334
4824
8841
3382
8812
2046
8364
4303
325
5745
4199
5954
8498
6002
6258
9519
1299
3038
7624
5749
7691
7953
6508
1786
6603
8059
6000
1664
419
6237
1023
2105
1061
6216
1839
6225
8262
203
528
8587
2301
1079
4541
799
3433
7152
318
1084
6542
4294
6833
585
2247
9693
2372
5203
7752
4724
6867
4523
961
4242
2980
8374
458
4820
4599
8720
5023
1479
7308
3676
8910
8201
4475
2343
1705
4794
9779
4599
5440
2964
1537
7688
2657
3909
9243
6761
4985
6110
7636
2298
6705
616
672
7163
5436
1623
2236
6812
3102
9544
488
2012
4097
1316
707
2155
2462
6838
3106
7902
9802
4643
1942
2459
8552
1185
5572
9889
3648
3208
2187
353
176
2859
7516
1965
4482
9752
8777
3936
5648
5617
2300
6098
6933
3007
8253
9395
9845
1359
7298
5999
2355
5592
4810
907
6778
382
7149
6778
9942
9336
7131
119
8548
999
2084
9382
7104
7213
3319
2752
2830
5619
5202
6116
4979
3455
5511
1176
1167
9161
7176
3522
1106
1986
781
4236
8721
7930
1014
8663
3619
8145
5134
2167
5496
3570
1549
2600
783
4868
5353
9966
6840
6907
6082
8171
363
7945
9347
7882
3459
2875
7756
4565
1214
4889
8801
9935
9172
9815
8598
2791
4312
85
4958
9808
3655
6507
8761
4439
7728
466
757
920
7373
3191
9091
4088
1136
4790
1970
947
7666
6078
5512
5232
968
665
5167
140
6832
117
2931
7496
202
4241
7305
210
7100
2418
1001
1180
2884
1758
2100
257
4949
7543
4346
2437
2334
2668
3385
6352
8747
5249
1584
9715
2267
3103
6207
9099
3220
5490
6596
9775
9731
253
9985
3183
2671
986
4364
5555
9096
2816
2164
4045
6712
6510
2834
9046
9179
2571
1750
4278
4173
9686
3993
6440
9141
6552
1891
8713
2042
8487
4840
8125
5092
4825
1308
7763
2163
2024
9670
7611
4841
1835
8008
1553
4697
843
6951
3876
9766
5053
8154
3939
1091
8499
379
232
5051
2271
8945
3445
7110
3786
1570
8555
4963
9231
6318
3479
1255
2341
1090
2448
4176
9099
353
8873
6294
7304
9102
6060
8709
3608
0
9800
8460
6731
6384
3511
5354
1682
3309
8817
1820
4879
7372
3135
4110
42
6614
1718
2383
4057
4166
2911
9508
4520
8137
5802
8176
3591
1862
3238
7199
8214
9390
5659
4946
5775
5523
6652
3809
8832
5469
5629
63
2841
5116
526
9236
1731
2244
1619
2140
2762
4531
1648
3634
9020
3802
1811
2611
5664
5049
9810
231
4439
1822
1529
6566
7345
8181
375
2529
3
2356
8944
9196
7473
9470
8432
5556
8066
6404
7696
829
935
5696
815
6307
9498
2626
8918
1514
4027
8728
8097
4819
6902
9626
7737
599
4160
4465
9480
515
6821
8425
9711
646
4247
4496
2554
2314
900
6602
9495
8187
2298
310
4494
8148
9289
3412
6015
9668
8492
4112
4487
5395
3739
8577
2346
4251
3042
1827
4766
6215
252
829
6862
4499
5325
9416
3165
2577
2371
2660
764
4669
9323
1610
9170
4964
5022
5185
4632
9867
9297
5472
1614
9388
4049
3960
9991
3443
5787
4757
9658
2391
1939
2872
3243
7264
8641
6408
9842
1012
5421
6958
2033
4744
8569
1203
6060
9943
2740
692
6162
2038
6164
7776
7778
6565
8089
4122
8
228
5231
9667
2620
7170
8891
2215
4435
7532
8623
629
8544
4044
3939
6930
5140
8860
8133
1200
8804
874
8245
4966
9264
4409
9095
3394
7327
7184
7516
7335
3764
2748
3354
2736
6270
2246
4951
7057
6130
3575
7686
1027
3971
7978
7957
5464
6838
6090
3016
5642
3316
1261
6961
8932
2023
6056
2327
9350
9592
6195
6685
3356
5295
6392
6093
1566
4990
1044
8623
1120
971
2662
2147
1295
640
6456
6759
7478
2547
9775
9473
2215
1037
6434
1148
3060
8842
3475
8762
4786
6022
1799
4494
1318
8191
6939
2884
9533
4336
1507
654
5307
521
9153
6602
1161
5610
9713
4992
4509
5841
4465
6724
6878
7251
7872
6290
2445
7699
5052
7231
3722
6851
8077
5040
1395
5017
4276
928
9353
2135
1582
1012
2657
7088
3967
3818
2698
3680
8810
3559
9521
3275
283
2751
6878
4508
5393
9323
8559
445
2906
2281
3649
984
3673
5044
6001
7949
5972
1706
85
3907
2718
2742
995
6685
6560
45
6718
1723
9956
6239
1350
239
5343
8229
1099
736
3904
9659
1182
6811
8292
4831
7795
1966
6227
148
9915
2199
1854
6352
2458
4572
9094
9805
1258
2007
6202
7976
82
6158
567
1432
2750
5910
6013
201
2999
9918
9860
4181
6729
8153
5364
876
6471
7943
1024
2738
6494
2878
9091
8953
3802
4537
5110
1412
2896
1313
9388
2978
3823
6308
763
6573
8570
6776
3127
1569
3046
2987
2102
9775
7492
3818
651
3963
1761
8027
6702
8256
905
2145
3561
1060
6682
8671
2472
5931
6336
8213
5261
160
4521
6024
3085
9443
9153
6212
1013
2199
5552
9467
8327
3044
3286
5330
3360
5047
3358
6414
9655
615
8559
9568
1675
5241
8240
4148
7524
928
2361
2786
1088
3234
8810
526
2677
4315
6738
42
2867
8642
9510
1194
1687
2796
6524
1399
4195
9882
7813
203
6850
6372
9771
8525
7965
4363
9025
5490
5292
7738
8276
2732
972
3438
3258
2
7754
6349
44
6973
4991
9554
8167
3030
8702
1043
4429
9250
926
2242
9453
4128
4966
9224
2653
2932
9940
1679
8422
5232
5769
3050
7964
6742
6488
1223
6744
594
3924
3140
7567
8915
9047
2086
8298
7749
3130
2727
6999
408
1322
2804
4536
6288
2029
3541
5572
1969
1572
3994
3553
7342
3396
1517
4084
6237
9092
7180
3183
9368
320
7103
8284
5719
9189
2934
3469
8671
5661
6820
9079
3335
9625
9967
5976
8006
3509
1548
6327
5081
5543
9880
8775
5291
7749
2859
1528
3194
6391
1064
2562
3064
8167
7198
8783
7356
132
8604
2380
2146
5425
1459
5481
5050
1427
1457
9408
1288
3006
5735
6369
4901
1967
5145
6544
6068
4356
4425
9262
7100
5489
1825
6516
3656
5375
5299
7364
5508
3904
9744
4006
5681
7556
5839
7083
8983
7297
6491
271
6655
8578
2992
7908
6897
4489
804
2965
5198
5229
2228
2298
718
405
8814
726
5780
465
8091
7640
721
4187
1646
6402
1743
7486
9837
7078
1135
2680
3701
4142
1258
6694
8402
8155
1183
9206
1121
2733
4436
9701
5031
1506
106
197
2233
2238
663
324
9879
7736
4511
7877
491
2607
1715
328
9685
2850
3009
3387
3344
619
6433
1746
8775
3968
7305
6248
6702
1741
5949
8085
3247
2407
8283
1832
997
5298
2156
876
3034
3020
5106
3525
1979
6821
3854
1664
6024
3215
1403
5720
3834
4188
7467
8961
8157
1124
1561
1211
2865
3862
9296
2464
2621
7579
4297
3619
2877
2805
847
2264
2177
5953
5789
4156
9127
5995
2173
1503
9210
9928
7223
9397
4117
1042
4710
2274
2166
6272
3485
1383
134
2781
200
2756
6713
849
2727
5942
3654
3574
8206
5832
9528
3996
6340
5007
9991
8513
6510
5554
8442
3733
4951
2559
1128
9661
1185
3294
2285
1022
4678
8772
155
1230
7880
6868
2079
607
2811
5733
4181
1017
7917
61
1365
4258
5068
1357
9123
1578
3263
3917
1664
4566
2828
2792
579
365
6086
2865
1387
7116
1637
1543
8346
9517
4763
425
124
7574
2511
4305
4944
6780
4367
6309
1038
5787
4018
6514
7366
3633
6783
5382
8199
9612
8174
8779
9977
612
1644
7717
4081
9633
9260
2427
9150
375
9205
5626
7950
1716
6283
9246
4848
7002
1907
5887
2790
2278
8753
6508
5911
5536
1890
4111
1500
6416
2890
7830
7028
886
5547
1109
519
1159
9889
6021
1534
9094
1647
5836
7162
4282
5082
2010
1285
3342
4249
427
5620
9354
6935
1531
1243
5177
1994
2743
1593
4884
6925
4973
5770
2472
6083
2641
3631
5972
8662
1518
1418
6661
7354
4932
944
8789
3294
2229
2131
3896
9008
4103
3250
5943
5634
4493
7472
3981
3589
9065
8865
514
4038
988
9339
6473
3629
2970
8797
8644
840
215
5305
8195
1499
6249
3336
4794
4830
1819
8690
3838
5922
8292
6133
7908
9138
3605
1889
9079
9022
7107
9593
9413
8095
5284
5886
8076
4607
1036
6720
5447
7603
8378
3642
9103
4627
3330
249
5810
5149
5291
9648
1071
3583
5782
5332
9073
5739
7221
8152
4762
4328
4098
527
8775
9382
2765
6852
3989
3801
9924
9437
1405
8302
9431
6860
9282
2762
3461
5092
4263
8752
1092
5335
8687
6874
667
7761
8966
4240
2265
80
8569
6363
607
3696
2098
9724
6900
6087
3526
6825
1876
1283
1479
1308
8143
7113
422
1604
2205
4685
6708
3298
6372
5395
6524
3391
9508
1842
7632
1774
1922
2553
4489
8881
6249
6587
8606
3150
9027
2132
6327
903
9767
7806
8563
4262
1272
8985
5866
3477
23
8926
3127
2747
4321
6004
6139
182
7846
123
8308
6121
9028
2797
5002
1629
5737
3608
4779
4764
2092
7458
5667
1859
1617
4231
6121
2889
9568
8339
2718
5943
7265
5846
8691
7939
8202
1182
4473
6048
7657
2781
2169
6685
1930
3524
8314
7667
3484
9446
8783
5577
6904
4451
3788
4873
5034
6262
7762
4602
4601
481
6898
8219
2679
5589
2510
881
3123
6983
3281
780
6116
1803
7465
4398
5327
2131
8418
8811
1577
7201
740
4834
1652
4529
9707
3038
791
7470
3993
1744
4303
891
6315
6982
2832
8825
4215
5955
2160
7496
6735
4628
9299
552
9027
978
2683
7445
9790
4261
4646
530
5447
2651
1411
5154
5689
2202
2624
9682
3947
3279
6925
262
6613
9757
5440
828
2064
3952
4677
8799
8581
328
5703
3960
1307
4739
1405
7449
5352
2403
7979
799
1406
5743
5953
3448
7945
4930
9482
8244
8209
6408
4859
4823
6165
6651
2003
8230
603
3032
3381
5536
3361
5437
9496
1020
176
7253
8469
5528
6009
2800
2679
7415
8543
8632
863
2841
3562
6698
7437
8124
3106
2296
9299
5623
8947
7654
205
5903
687
3587
1439
400
5376
936
1420
5552
4541
6241
7432
550
5393
111
4318
289
5095
5181
3130
8658
1879
567
3134
1337
9216
2433
6961
4515
87
7166
418
7126
7105
8210
7526
2481
9146
5298
4385
39
7891
8169
590
3285
4632
4908
3574
9728
6441
3056
4738
4673
9975
7872
6010
9191
6657
9323
3707
3096
2842
477
223
9947
8687
4101
8781
4185
9400
9518
4225
7291
4040
4815
6928
8672
6075
6854
4752
8868
9910
5842
3541
9886
66
5904
9077
6723
1579
9136
9820
4421
9614
6395
721
4653
496
5854
8839
6248
5372
3064
9892
5764
4231
3172
789
6658
27
5541
5526
9937
7736
5420
9823
7802
7676
5253
4526
9255
741
698
29
6707
3445
750
1361
3941
6604
200
6542
8328
9616
2786
445
199
5958
1234
6857
5985
3127
2383
5923
863
4155
2098
8666
1831
3703
9544
1087
797
242
1116
7504
39
8218
5217
3980
1174
1769
6874
5854
1385
9660
6299
1584
1971
3885
4793
7956
7013
3529
231
4228
7684
8682
2894
9516
2385
2438
6955
3182
9032
4423
7039
9071
8993
2256
9404
167
4026
2630
2373
1763
8643
5025
9700
614
8910
4493
8570
2275
8022
5154
6504
2059
3836
9398
7927
6221
8189
4882
5756
3573
5657
9147
8997
4650
7755
4753
1169
8133
7383
3542
9897
2378
8567
5949
2992
3830
442
7915
6105
4817
3069
2609
3228
6905
8360
1155
9478
6549
2389
1586
6474
8046
733
5471
9048
8489
6576
6569
6622
3960
111
2871
6338
5031
5172
5683
5213
5615
3598
1318
6784
6667
3928
12
9924
2288
7519
9402
5189
9908
989
8015
4306
1722
3487
3354
6563
63
9923
9538
375
6386
8761
3066
7769
3934
8749
2982
5901
2347
4301
9037
5366
4581
9049
5290
3221
2920
1044
4762
2828
2033
2777
7134
108
2616
6840
3023
9032
3115
2561
9407
5853
7675
8825
3623
1609
7574
2957
7510
6273
3610
6547
7991
4543
1948
9633
7764
1220
678
2526
4048
9063
1656
7534
5523
4272
726
8547
9656
3841
7460
9064
9694
5135
4241
9669
6744
1816
2627
606
4441
2589
3505
2433
7133
1805
8418
4897
3025
9096
3776
3425
4512
5432
959
35
6056
1685
8582
5713
1878
6043
1129
1573
1178
5370
1242
4275
3538
221
1233
4332
2811
4739
3117
9944
2896
1535
1193
5922
6984
4969
9347
1496
6753
6659
1531
2810
4696
114
4875
6575
2509
6004
4500
3687
7726
5742
4314
1265
2316
5548
1949
1479
6639
5066
1423
9535
6601
8968
1809
3585
3938
7509
1433
7043
520
2965
6205
5216
9431
1080
8143
1940
3436
2643
1979
1163
4738
6294
8780
7054
8194
729
4885
1185
2147
6308
7072
5100
1628
8882
8686
1918
2743
6471
8962
9615
9436
5167
4831
8867
2600
9327
807
6036
1970
2787
3551
6708
5433
8683
114
9979
5764
4999
1164
7911
7659
8236
3012
9288
3470
8050
1206
2565
4521
6520
2180
3958
8040
3364
9177
640
2691
9985
3028
4661
9124
2932
7722
909
1615
7836
888
7380
2836
2052
1643
6847
6640
4655
6135
111
9057
3694
9028
3579
214
1209
3889
8254
925
3066
5246
3616
9403
8275
4629
4879
7559
8703
5788
5526
6540
3028
9258
5728
1432
902
2575
8073
1909
5063
4536
967
8757
3564
898
8971
1125
4787
3578
2050
4205
8824
2018
9961
3451
3000
1192
1010
1703
3333
6537
4595
6361
5795
6675
7794
3049
5603
2219
4959
7018
6755
2278
5775
6671
3176
1098
4149
4315
4676
2551
8520
9853
922
4833
3304
3922
6026
667
1977
9359
7204
2925
2072
9351
5952
9866
8753
1555
8437
3712
8573
1544
5990
700
8216
5518
8151
8717
9833
9179
1268
4705
9032
2190
5891
2337
2464
1917
9356
4442
7628
2912
3719
9700
2263
9671
5919
1016
7579
4356
1080
2504
5901
3422
3205
469
8940
1356
9186
5125
535
6806
6183
5920
5349
2074
4609
7813
3991
3965
8607
7971
6877
2326
7671
5492
8350
9942
2861
5929
651
3941
8433
6552
3716
7990
3373
9008
5698
8911
4134
2586
5717
317
8506
1066
2391
3115
5232
2734
3432
3839
705
309
2518
4728
2153
868
1023
5014
3149
1674
5308
7934
4578
9024
5925
7951
8032
7975
6862
8518
561
8931
8835
9067
6350
7578
8534
1582
6664
1966
1773
3721
8627
643
4802
781
1511
5825
5795
1012
7499
7455
8947
2077
6479
1224
6380
864
9199
9594
5734
9761
8525
922
5180
1227
8500
3715
9161
1517
2033
7287
5238
661
7930
40
7794
5794
5865
3589
6806
9716
7397
5753
8145
3876
6977
4525
1092
6177
4119
6827
2290
8997
7749
7470
224
2601
7537
5738
4118
9571
3025
5709
6584
955
5749
4378
6749
7967
4319
3556
4035
1716
5661
2181
1945
8991
6706
9389
1520
7178
2568
3810
6175
6669
1280
2751
9271
5170
8489
9741
1093
1514
5450
7677
8822
7552
8407
5571
5519
9078
5479
5906
795
7493
8087
9092
6484
1146
8481
8004
8324
1050
1814
4499
7719
9446
7250
3342
4616
2092
3084
2061
3606
4886
9738
2428
2438
4497
4352
4309
3576
6183
216
723
28
4655
9815
6512
5801
4648
868
477
5698
9034
4976
9770
4833
8579
9464
5801
671
2548
7863
629
3787
7601
9410
6225
8451
114
535
2027
6297
7103
9102
6326
1758
5269
9190
3912
9917
6411
4389
1968
5445
5718
1738
278
4297
7554
6080
1320
6455
3943
1949
242
7896
7711
6467
2699
7825
3354
1078
4123
6809
180
6801
8568
5449
2343
2480
5367
8754
3221
3687
552
8939
1777
830
3236
9331
3262
908
5786
3557
9210
6028
7806
6921
8848
505
4747
8554
7936
5222
5364
8116
2023
284
9918
718
9116
1637
9473
2337
5324
25
1277
7101
7207
865
2784
6822
8126
8571
6731
7336
951
4537
609
6151
1395
5356
4706
9331
578
6422
3799
8953
6706
69
9672
2174
1706
5497
4511
3382
5522
2140
6835
9081
9358
9620
5903
7484
4543
2635
1172
5494
3524
1781
1646
1271
3490
2704
6954
4068
9126
754
9374
5832
7175
5398
8006
8882
895
8869
2264
2769
7362
9100
8202
6720
5072
4106
556
9615
3093
8080
1461
2969
9861
9459
4241
3351
2163
7547
3772
1289
4653
9498
3473
1829
4896
7831
711
2143
3053
9327
1264
415
4779
9466
3487
9851
3572
395
5818
3017
8475
7280
5987
4688
3091
6580
8040
5255
4127
8164
2896
8781
4014
2722
610
8910
553
7673
7405
3606
7000
8669
373
8132
8135
3860
4335
8060
4255
154
1077
9082
3786
3416
3771
6877
9996
8163
8484
4124
2679
1381
9257
6693
4103
6219
5603
1008
3892
9360
967
7244
8029
1340
5376
6164
1553
6064
4224
2160
6218
5302
1243
6356
5070
5014
3233
5067
9529
8070
5543
2208
9451
1152
8901
9906
7371
856
914
1263
216
1881
4859
8245
9574
6588
761
1127
2652
4986
9639
5222
6640
882
1578
1710
2248
1163
3129
8129
9233
8672
337
5036
9824
9238
4942
7195
94
5857
4810
310
4090
6022
4907
3664
2610
5669
1143
1614
7007
783
6836
3647
8017
8414
1709
6618
5929
4839
4747
5163
9863
5085
199
9688
675
1494
3235
770
7351
4398
7432
1441
420
8692
1458
9382
4361
2601
996
7720
9736
7832
1367
7754
2598
9428
724
4879
4267
5471
42
483
6908
6594
6523
7584
8088
9758
4706
1791
508
8490
9584
7280
7182
1042
6662
7895
3644
4010
5615
9732
8194
3334
3838
792
9115
4562
5672
9734
6386
2066
217
3294
5012
6740
7230
9452
2851
8288
1243
9711
6779
828
6992
313
1870
6
4561
1866
4017
6528
1599
2211
6215
1789
9356
5330
6352
1380
5064
2738
3446
1634
2384
4811
4726
9615
4263
7577
4255
5507
7289
1034
6335
633
7700
4557
639
8613
2776
4656
5141
727
3220
1356
2516
2576
3038
8868
3956
4455
7958
3754
6089
343
8565
7167
6310
2829
4745
565
8336
8386
7952
1023
9019
2004
1932
6010
617
4708
7019
5758
5435
239
3467
4304
2815
2857
3172
3123
7312
7483
6877
9753
7826
5443
6921
488
8272
8018
7405
2960
6404
5357
3983
1775
3713
5915
7785
4330
6976
4804
6441
8763
1395
6260
3067
4210
9117
2592
3685
2782
75
563
2535
4253
6006
5808
4741
630
3826
2146
3590
6582
3856
3925
8357
7569
6192
2495
8252
3168
3651
1045
1932
5047
7305
1351
5609
2774
3943
9295
5556
370
9858
8092
4623
2216
252
5716
2846
4079
4215
2788
661
4423
6713
5371
8344
9257
4218
6596
2426
7869
7641
710
9268
1298
8413
4878
4073
2357
525
9629
2727
383
4073
3703
8951
4326
5771
8149
4757
9986
7289
5418
4409
354
7141
2754
9611
1359
5702
2037
9229
9696
9099
8497
994
7513
9727
1419
6222
252
7401
5301
6987
1474
9004
2290
2152
1128
439
6909
1114
7728
8680
1876
8082
5821
982
4046
3533
6684
6083
2762
6380
1535
7611
3727
9048
3691
5146
5270
295
2547
6923
7283
374
5928
5925
8878
3408
6365
2140
4522
445
820
6398
4880
2993
3732
8926
6526
417
1361
5640
3149
9248
9604
3228
8296
3295
4727
9918
3590
3626
3194
7225
4000
5474
3151
9231
8882
5868
1371
3404
2665
8543
6155
3897
7888
9887
9175
767
6656
6889
6407
6158
6137
2363
9386
786
2010
4113
7056
1953
7740
250
9178
8092
5724
8681
7323
4606
901
5046
4363
3567
3589
518
3816
1478
6757
2992
2245
9766
9881
5004
5924
2370
3720
5310
3156
5730
5776
6565
7683
9868
6815
3214
7960
8892
8247
1636
3498
9149
3034
7861
9068
6624
4731
2884
4454
7841
2228
3051
7607
8461
4407
3531
7184
8127
5193
340
210
969
3257
7893
7189
73
7459
1502
8965
5707
9490
8815
1208
2524
3029
6628
9148
7760
5864
9954
1953
8093
9357
9560
2906
3765
9443
90
8244
4637
6783
8454
1958
40
6348
9148
113
159
7002
5430
2218
6492
598
3426
9016
3627
6406
4517
7739
2271
823
9693
6716
181
5605
9622
3946
5049
9713
2190
6038
2848
645
7996
2888
3345
3496
9354
9856
498
4784
2075
6990
1734
1853
2359
5361
8260
6876
3101
531
4051
9146
7247
4232
4751
3221
4530
9800
9286
6721
5838
2134
3718
187
5023
3415
35
729
3271
534
1865
5346
3876
3600
3552
2587
8961
1812
5815
8414
8695
9867
7560
2294
4099
2312
5515
8630
8464
1154
1703
655
3288
1773
7194
4663
5188
7229
5392
4811
4115
3610
6510
7992
7210
62
6931
6171
8226
2747
938
6921
2614
8498
5567
3065
7162
7434
1695
5627
8588
9750
6282
8229
1523
3476
9244
3063
7057
4637
7875
1173
4599
4385
5517
1809
799
2448
4332
9025
1547
5270
2298
4161
121
4217
3579
7283
1651
5274
2910
6592
1377
5544
4821
2900
5372
4065
5964
2430
5054
191
9955
9653
928
5472
7814
8079
7920
2147
3456
9468
3769
2106
9981
3890
6323
3560
1174
4326
5187
436
918
6564
2333
5739
5816
4057
6157
8132
6487
7563
4675
2794
3569
5603
8266
1383
3682
2539
9882
7138
8359
4
9244
8340
3894
1919
8253
1420
6246
9792
8209
7164
6356
542
9256
8524
951
1765
6657
3791
9328
1332
6585
2897
3288
4852
4281
3322
3743
515
461
2102
519
6057
6794
766
7977
5047
8538
575
4839
6747
7739
7547
3641
3347
2424
4593
5112
9081
4736
793
6765
1321
3690
6405
6173
4323
9728
9916
4839
189
8370
1710
2598
5165
2476
6927
6564
7367
7502
1404
4114
1594
5303
4108
1293
4079
5053
6406
3160
9789
3551
6278
1110
7241
2683
3636
7917
2411
9904
9108
8952
8275
818
7903
9792
9647
4830
6356
7014
8685
4112
7480
6631
9416
7940
7924
3495
9345
682
3008
9134
4233
5638
6597
7827
4673
6585
2096
3437
6489
1204
2389
1116
8374
6644
908
4373
7827
7265
1387
6512
1377
5220
9495
7145
3160
7419
6993
8858
4454
6353
7992
5039
8343
941
2866
3016
7526
4962
6453
368
2518
5195
7836
893
1839
8745
5266
9666
2362
3006
2530
91
4578
2025
3589
4090
5797
582
2948
6603
3287
941
1642
1630
8234
861
998
5761
2175
3804
2481
4694
8999
317
5587
7190
5414
7205
3209
4128
6563
2091
572
1141
469
4161
5232
2618
1095
8180
9221
4382
5473
863
2364
3708
8076
9714
5821
252
3518
8302
4946
8869
4971
6885
2412
6738
442
1973
866
7006
4064
1438
8147
4533
5599
3379
7151
3046
7912
2724
3780
3385
9940
6144
7093
8016
2211
2914
8268
5729
7568
9566
951
2540
6451
3363
9278
6894
5336
6496
252
5752
7935
8399
286
9886
8131
3789
2933
6043
2866
6713
9428
2806
9210
6522
7174
1421
5788
5443
3502
3357
1361
4453
2249
4165
4168
7879
1059
9504
4375
1311
5257
8662
6062
1895
8549
4193
2036
7834
236
4902
899
6017
4060
6461
8891
1235
7882
4679
3030
7737
4388
4391
8542
2989
8556
2711
868
5967
8567
5244
3630
176
3906
9693
2071
8807
238
460
6641
475
1714
3893
2844
5775
354
1735
7010
4589
2766
40
2326
7155
783
868
6496
9340
9931
7365
5307
8499
8961
5290
8675
9219
4983
7099
8027
1573
7559
1020
8400
9273
4913
1244
5048
1620
2979
8410
6209
5746
4802
4887
9253
5586
2107
5749
4926
2039
9466
6585
538
8427
8227
9213
7647
3210
2664
2026
1136
223
3046
9536
5849
4312
781
7249
2284
112
5660
8493
2210
462
9732
1463
2400
1839
3565
3678
3878
9383
264
4416
7811
8491
9982
1810
8054
2646
3836
9190
9222
3234
5078
5071
3898
5859
2320
6182
2324
4332
1027
4534
1147
759
2350
3547
2599
2267
7226
6477
1650
3842
7246
5813
8685
3580
3975
6739
2578
4163
2281
8152
3750
3712
3223
7648
5923
1896
183
8247
2580
1210
2782
3727
1970
1484
3627
921
3751
7205
3750
1753
1047
7348
3919
9732
928
7894
2824
9859
2058
1457
8011
5808
5169
7587
9808
1093
5835
9991
5692
8415
7554
4826
8495
9524
6310
2122
6797
6413
9327
547
8167
6726
7896
2086
6458
5176
6332
5634
5035
8390
7092
9399
550
8613
6986
359
6058
2821
350
1751
7588
4256
6577
6083
132
9240
8205
6929
5653
3884
3829
172
610
1725
8610
3421
3253
4943
9055
4641
9685
2499
4040
236
7465
7378
6947
3523
199
3649
5274
7787
7906
8204
223
8038
3796
4780
4968
5801
8665
5149
5974
5627
6874
936
5400
6479
2231
4456
1120
8269
3307
1512
4857
772
8890
1804
4296
5441
5453
5922
3229
9711
478
3452
7750
4274
8232
9070
76
3249
4219
2402
5229
7445
9690
629
276
8274
1437
1397
6543
4745
9261
1400
1869
8152
3204
2517
3593
5009
4792
3174
4721
5270
2978
8823
5897
7563
4245
2325
812
4816
1079
2393
8613
769
3023
8889
9043
4460
6638
5586
5557
5900
3338
3779
404
2894
6296
3997
7904
7440
3524
8977
2711
6502
4152
4960
4065
4749
7285
1230
9565
8364
3623
8178
5485
2998
7067
4529
3811
3706
6467
5720
5958
9806
9499
6362
9052
2148
6711
3308
9588
235
2285
8651
3090
2789
9963
3507
7538
7248
4737
7103
1964
4713
1633
7450
4063
5053
1979
7874
5111
4798
3595
1069
956
9446
3783
9
7946
494
3317
7535
7082
1955
2538
172
1096
2502
3679
8635
6102
4769
2090
8067
5834
76
5517
9897
5129
3848
7772
240
8646
7719
1309
9603
7165
1444
5964
5112
1938
9281
8999
9020
7588
7889
5544
8685
6743
9224
7320
2846
345
5762
7265
6179
5838
2782
6076
967
6630
3848
7559
1628
7919
5220
1231
5085
6664
7195
6549
8603
2829
1900
3975
417
9789
9520
9102
6533
5096
2774
5731
5441
4889
2996
1620
7079
2130
7696
4399
8760
7897
1958
6740
5816
7179
7972
7253
3843
1519
154
8798
700
2054
2774
7470
1844
8646
2924
4729
3742
2051
6812
5535
6940
6160
7155
4019
8290
1203
8418
3402
5452
377
142
7621
3908
4466
1226
7751
2338
1381
2902
3038
3435
2028
508
1631
674
9785
2712
768
1836
9524
6303
8776
5684
9810
9147
326
7365
7566
3728
9170
4295
223
3143
8203
4689
4369
2306
7027
2102
5208
6418
5538
7236
3278
3521
4262
3063
6234
5030
4899
2110
7685
27
4147
3847
9175
4473
1213
3093
4554
383
7388
4777
9878
1943
9466
4247
4249
2846
6350
5810
9264
8240
9398
8894
8113
13
1958
699
1395
3209
2810
9081
3237
3309
9280
8764
4134
493
1857
8688
7228
9245
3465
7106
1188
9284
7706
1789
2130
408
3951
7746
8648
9702
6640
6761
9715
8598
3813
7462
8160
6623
2895
1397
6284
2176
161
418
9021
2018
9107
2602
7615
8924
9708
5155
8208
3766
3296
338
4174
7248
8084
9174
3302
4725
5936
9369
9675
6101
6831
7835
2724
9727
5584
5360
1903
5745
5778
924
4115
1237
3526
8082
162
9587
3237
8370
3353
6534
5061
3880
134
3145
3054
3436
4222
5342
2805
250
1443
9636
8085
519
5715
3670
5879
7618
5767
8010
8543
6235
9247
8421
4317
5761
8008
7555
4132
7714
441
9193
1594
6927
8690
1000
6715
2913
6343
5872
3163
7786
1860
7600
4658
7576
7622
537
5194
9742
4899
89
5977
4147
8511
6646
9908
2871
553
392
585
994
9585
8531
4273
4628
9532
988
3893
5875
6860
3408
13
8721
1008
4671
6297
4983
1561
7843
4725
6460
7933
7054
6959
6444
3700
3220
9315
4254
3612
6253
1600
9550
4784
5874
4178
668
6862
8071
6543
75
7831
2909
8796
8839
7580
1445
174
9141
9288
4899
1954
7221
8305
8913
17
8358
2133
5685
8964
2098
8290
6916
1648
3074
2790
2178
3743
6005
6601
6638
2432
4432
9547
1228
9623
3480
9025
9798
8973
8313
1049
927
1887
9355
6193
1904
4065
8326
3941
3029
424
2231
9945
8424
1658
9088
602
1753
1445
7203
4743
3877
1635
4291
1457
1259
4123
482
7409
3096
5147
8458
376
7034
4165
6569
5291
8230
1247
5584
1259
8024
7816
7557
6448
5826
6645
3403
7579
4442
6958
2322
8319
8594
2965
9776
6205
7088
6610
9966
6537
1757
8424
6913
5144
2590
3482
6787
820
1081
2371
8432
9105
6539
2341
1906
2365
8986
5309
6296
3428
2267
4971
8099
7213
4288
4227
9770
7729
837
9736
4266
8946
4513
1179
4090
7103
1013
7229
4275
8446
9601
9059
3904
6140
1400
5810
4858
6738
7471
1154
6518
6090
2477
4617
9656
6766
5196
5778
4495
6033
5515
8761
4980
6380
6292
5422
3483
3657
2652
4110
8455
8605
9522
2359
1097
7274
8169
5955
4013
1992
3462
6883
8083
5939
7853
4091
2705
3049
9869
7200
5435
1736
2313
6767
8116
4957
2189
7951
8614
1193
2062
7070
6150
7936
5781
7248
5210
3951
3203
5575
5943
6665
2459
378
8957
6664
4469
1662
9713
4339
5215
5148
6075
3880
8267
544
8838
6809
8495
3804
8002
557
7226
4153
4845
3008
7753
56
3311
956
5631
5606
3974
4442
5985
2931
1106
6806
945
7172
7497
2512
8672
9925
6393
6940
469
1583
3749
8964
5387
8103
5874
8966
8608
719
8326
6361
775
1637
7318
2759
7243
7644
3553
9580
575
4660
2739
7872
8184
236
385
6856
161
3130
3796
6982
4713
3897
5947
6452
2001
1821
5418
609
8892
3744
3323
6020
1733
641
8779
5329
4637
8684
4909
1564
3344
4000
9436
7880
4237
9821
4737
750
9303
4885
7733
4016
5135
32
469
7136
1853
2239
4097
7097
2336
7420
3117
4069
4413
8248
9398
9050
6933
660
614
6629
1012
51
4510
5249
6224
5599
2352
5528
484
85
5896
5619
117
2717
9107
8322
4957
3205
5419
7293
6977
4889
7714
7743
3137
3465
6793
70
477
3760
6700
1489
163
7562
6739
2739
3161
5443
4619
9997
1880
516
5617
8349
3233
1076
6671
4542
633
8442
1835
7611
9683
5902
5354
2821
9367
8499
2891
9844
2259
5943
1333
2422
3505
4424
1514
6666
9867
6133
6664
8099
6649
8633
6448
6235
9709
9471
777
6695
4266
8965
658
3949
4867
2364
6770
586
863
6014
430
9475
1957
8115
8249
1815
8892
9763
8481
5111
5897
1497
3211
8898
6482
9659
5133
2544
9131
5911
9239
3397
1228
9897
7346
6095
2261
469
3033
9476
6483
3463
8951
4792
7930
7201
6607
6822
3316
1441
1934
9213
9290
5145
8112
5773
1156
9597
8317
287
1860
7556
36
3088
3805
3735
5535
6066
4204
8568
5542
687
8383
846
1831
6314
4399
4791
9488
7715
6232
7774
6929
1874
9271
1393
7647
428
990
2316
715
9203
6224
7104
2291
29
839
4179
2447
5043
2747
4342
2082
7483
5188
265
149
9587
5056
9637
3654
7640
3764
583
9515
3035
8328
3514
3463
5671
5831
531
4874
8407
7635
3517
4789
8474
7696
7236
9869
6796
1578
8303
4279
3118
8568
780
9057
3625
6769
2712
1265
533
9647
7132
3569
7976
647
7032
9999
2830
7563
4873
1237
1550
8390
6026
24
6087
9615
6245
9235
7545
4548
3514
664
3117
646
6073
6742
7415
8785
4359
7949
4785
1492
1518
9113
8491
8550
9112
1321
6114
3985
8910
4016
8727
1289
393
1166
904
6638
401
8449
1187
267
5465
656
913
1539
3750
8329
6676
8109
6278
1461
5953
7796
574
4444
6346
6038
2117
8812
23
1028
2829
5103
2317
3222
6269
3221
6212
6671
8022
3751
6938
3488
4407
4204
1379
8157
2533
8055
2619
8811
9517
4924
6607
6443
5721
9305
2482
7838
8118
8857
8866
7299
3960
7535
6873
6582
7108
3085
9605
5131
6837
2895
4971
1244
7099
6350
5754
9632
4405
4725
4795
274
6001
1402
6718
1722
7060
5552
9561
5178
4409
4779
8829
4722
8667
5702
7656
5775
8787
7261
7258
1976
156
2229
9573
3608
8579
5327
9592
9337
6404
4388
9611
2405
5790
2681
480
2850
8233
6393
4380
8995
7524
9561
69
6191
1615
7725
1967
6755
1338
9225
8731
7846
7807
8304
1454
6386
9983
1047
5723
2739
5435
1687
5145
7577
4368
1977
6780
2602
8370
7512
7949
5894
3426
8018
8438
5041
2095
405
1796
3433
5982
528
1279
3789
8832
9086
6528
5168
6485
8603
7907
8272
290
9404
2201
4659
1381
8981
3613
6103
2846
7914
8350
6272
5932
6788
1313
8027
3545
9462
7812
9527
9990
5443
9669
5174
881
2549
342
7366
1152
4602
5638
7795
4006
7840
8806
1740
3173
8771
7843
2371
6685
6193
8643
2617
9333
6309
6996
2878
5771
1160
2406
2113
6603
8427
7287
7485
976
3982
1203
8480
8584
6842
2627
8942
1034
1433
682
559
6556
4878
2931
3241
1071
7926
2210
405
587
5558
9635
2710
6718
8393
4823
3322
6820
8463
7159
4148
8797
8362
8981
3733
1556
1608
2675
2590
9394
9710
9502
5950
4588
2433
9192
2011
6711
7754
8768
7299
3313
8404
9
31
6797
1185
9705
9970
9648
6864
470
4797
1579
9451
8530
3135
7412
7557
2078
3158
7267
1580
9108
8207
365
4652
219
7076
8759
8987
727
2072
3743
737
2103
541
8274
8161
6863
7922
5025
7333
9071
2956
3137
7601
6092
549
1510
4522
59
5130
2454
9167
3337
2819
172
9908
6247
8931
8896
6975
1003
8991
4064
9458
9532
2338
7619
2747
6612
8997
81
5683
1953
9570
9636
4397
6471
7498
5271
6530
2628
7725
5697
2318
6896
2221
2226
9496
7504
7474
6471
8507
6466
6887
4318
2350
5577
8289
5098
2189
7286
1531
4224
5592
1101
212
6341
7572
4062
1613
4102
6691
5690
6151
5361
2587
4725
7587
2083
2229
5062
4906
7089
1528
8145
1407
230
3722
9696
5328
2263
3335
6859
6487
8927
4312
3051
5268
1884
7113
3233
2338
156
8924
8490
5517
7863
3215
3105
9946
1796
4519
1204
8885
2399
9349
6644
2629
9423
6341
4310
1686
6028
1169
8173
1307
5482
7576
2927
3718
4689
6161
6057
4846
1437
899
6715
9300
466
6172
5598
2262
691
6802
1148
9442
2503
4144
8424
1926
485
2734
9964
2865
255
8137
4172
2089
2065
3452
5808
6754
5965
8217
7952
7402
5468
1020
6702
5934
7192
2300
4548
4236
5454
2048
3678
7957
6193
2102
6235
3030
1188
6199
5896
1444
688
6420
3533
2753
6224
5693
5859
2189
262
164
9591
5730
1184
6293
1664
8376
4945
6213
2612
399
4613
2643
4708
806
1097
7295
3837
2286
3494
6085
82
534
2505
9967
9639
8730
2013
1851
7271
2275
8367
6863
8006
9551
9508
6022
4279
4454
8587
3244
1205
3201
2239
5914
4007
3336
9561
4196
1974
9408
281
8408
9942
9139
4728
5934
4221
6741
7785
1492
9016
2504
8355
3374
2055
7864
9397
2686
8670
7984
2282
9875
1185
4521
2141
1545
4210
8055
5741
2536
7463
6023
945
3757
1514
5673
9691
5735
2414
3828
7227
7782
6332
5583
1157
4739
9799
554
7426
4821
4890
6060
4696
2428
582
3190
3973
4792
1245
6066
7328
8708
8441
4625
2465
9955
298
8509
5690
9064
2337
2918
3199
8670
4853
4356
9761
1004
1262
7187
5825
6152
9600
521
4932
182
63
8905
1326
7660
1324
5006
2720
9765
5984
1538
6073
6282
47
1763
1699
2384
1033
4898
7406
5886
5606
7168
6890
6868
707
2715
9372
307
9589
4305
6841
6004
9562
8167
3665
886
9526
2737
7004
5510
4275
3077
8144
4322
4840
6195
3059
2226
1093
6817
4464
6699
3985
1355
9919
1045
422
9292
7704
6363
9949
4546
8720
5863
9065
8737
6750
8591
1474
106
453
5750
3183
4950
6424
4375
1145
9483
6601
8591
6301
1066
1642
6638
8773
1562
4035
5547
7206
1740
8263
3507
6286
3335
9370
1703
2072
2472
6647
9898
2578
7100
5648
2113
2050
8425
6489
9548
7908
9442
8139
561
6860
9781
3552
1985
1343
7587
3885
4901
9327
2148
8408
1965
5483
7779
3669
3907
251
316
3805
9182
7416
5806
1295
5819
583
4136
5367
4843
3579
3506
5405
6791
9639
5309
8777
983
2896
2662
2236
2224
1162
645
541
2997
4776
4210
3256
1379
4526
3413
6913
8295
9219
8209
466
6154
2345
5833
998
2276
5691
6403
9068
5330
8064
4197
2665
960
3211
1254
9536
725
1899
78
74
3027
4288
3330
758
5167
6743
7672
3462
2315
2233
3928
8469
930
6113
9467
3207
8156
2222
8627
9838
286
9176
2504
7599
2387
3758
7135
3112
2009
3565
3186
1388
7854
2868
8498
9373
9611
6170
9187
8278
4755
9467
6748
5686
5580
2567
5245
88
4790
3872
9926
1428
3048
2430
9027
1787
2540
6163
1251
901
9728
789
2289
3934
3657
788
9659
9620
3310
8846
7899
8066
8313
4647
104
245
7214
5349
333
8356
5573
260
9785
4973
9042
8812
3112
1583
1327
4363
8836
7408
5152
1126
1342
5161
8266
1002
4781
7928
6200
2680
2346
4514
3679
2450
1111
894
4151
1445
5602
6076
8057
5387
1049
7099
552
4161
5034
8231
4876
3871
5639
6380
1349
6982
1541
5967
4336
6323
3895
536
9003
6242
1402
2683
5044
2514
9929
9196
311
1883
5272
8368
3623
2674
5467
4175
3187
6854
2406
8064
725
8046
4444
8426
1380
5986
4393
2068
8661
8288
8956
7664
882
359
6699
5927
9225
2980
1475
9536
4864
6747
7904
8487
5773
9723
9014
8961
6577
1420
7025
3654
5818
7821
2080
3550
159
2825
5618
8820
1114
4575
2837
8348
1286
9536
4275
511
8869
5750
6399
3733
8850
4303
8572
4623
4026
7586
3584
6956
5358
6961
610
7529
4783
9043
1079
4942
1868
6698
115
9334
7625
2952
7683
8911
8840
1958
5774
7709
4061
2173
7794
9263
2828
6366
3886
3206
304
3823
162
5663
7136
773
3192
8271
9816
623
9566
8036
3673
9681
7371
1298
2633
5054
6561
1473
3364
8687
5535
3777
860
3329
3040
40
6048
6927
3247
6352
7102
3409
2015
4238
534
1559
2510
6702
2183
2076
4739
5856
8109
2110
3507
742
3516
68
8567
6880
5108
4102
7010
2320
3784
50
2361
9832
6977
5608
6184
431
5369
4552
4670
5904
6111
3532
2606
4646
1960
3697
6855
69
2159
362
7163
5675
6782
2082
8908
1890
6185
5918
563
9969
5968
2924
6153
9298
4884
2337
6081
253
6889
751
6157
9353
635
5116
351
8947
8813
7206
9016
7325
3920
2531
3000
7055
4614
8260
5297
7151
530
5860
3472
2851
8784
9625
2149
20
1962
8230
274
5204
5334
2783
909
2321
7899
1260
1269
3065
8467
6637
390
8739
9169
9742
5794
135
8003
1092
7286
8533
6952
7110
1384
2089
6735
9885
2109
5049
4468
2383
6605
6154
5167
7514
4827
9418
8775
6096
2483
3594
9086
9225
2333
4607
8968
8128
4742
3323
5572
8380
8208
2524
5490
5945
4613
8577
2182
3075
9978
3002
5458
6584
9156
6977
4098
3984
2748
2873
6432
1583
2819
5518
809
5153
125
6129
9633
1219
5804
5205
9599
4012
7729
1441
6309
8695
6370
8492
1770
6349
1494
3580
2933
7003
6910
7031
987
9658
6257
3771
1241
9076
9290
8402
581
9415
4531
214
6987
6687
1771
6586
700
9501
4380
7009
4548
750
1853
2670
3451
9700
2602
6384
6703
9512
9768
4042
5522
2377
7813
3116
7805
7103
1518
8387
2871
2402
4953
9858
9089
6725
2796
6141
2578
3528
9503
3478
631
7708
6148
4082
7408
5102
467
4111
4615
6587
4505
6489
5316
2319
9605
3121
5774
7476
7860
4997
6230
2814
1207
1671
5891
356
7813
8469
3884
3668
8299
4515
1376
4447
4950
8785
9549
1769
9248
516
8356
3754
3358
3672
2425
9315
3145
4551
6791
1006
9549
9373
3820
756
1045
6063
7464
5210
884
1349
8878
9183
2216
254
9982
7166
5391
5883
8935
4640
6400
3643
4746
6110
3667
3523
5425
6813
8074
8569
7819
3975
7942
7991
1084
8987
4054
8548
4197
4938
6249
9427
473
8466
9682
455
1984
5073
6338
920
6065
9090
915
7163
5200
4583
686
6978
1396
5113
5547
9215
9088
3489
7206
6524
8829
7612
5073
9378
2550
1322
8806
9375
6140
4840
9830
8125
9913
6168
5397
2331
1611
6312
9494
3163
895
6533
141
2291
1646
5688
1506
7086
5530
5064
3611
711
2676
5036
6441
1578
2710
5247
953
8851
6439
7135
6976
2705
9656
2373
5036
1267
5037
882
782
5933
7415
924
8224
5413
2964
6083
2500
4846
7499
2463
1909
176
3851
8351
8106
6561
9950
5412
5412
6390
8899
8740
9095
8555
7465
4131
6174
2503
5013
6957
4788
8781
4233
3012
4194
7197
5447
3046
8396
2947
5509
305
9475
5712
8656
3933
2274
8607
5697
4038
1349
4597
2779
444
3152
6596
927
9327
9099
2292
2636
3887
1073
6869
3252
5268
418
5051
4666
8814
7998
176
9120
3825
5888
4128
7759
4514
9087
9808
8553
436
4405
1332
7232
7558
4280
8159
3237
9732
452
2225
3619
1525
9094
3223
3145
5864
4627
7812
4679
2625
4340
151
2803
6580
631
6914
1095
9719
6722
9648
155
1128
7332
3740
5038
1612
1899
4627
1344
2351
6852
1316
229
2298
891
3374
8162
5518
7538
9193
4496
1878
9344
3651
8459
9976
565
5906
6047
3639
1906
2554
1119
9238
6294
6157
7202
8194
7136
4899
6897
3988
2567
7126
2638
9810
6853
7153
5329
4391
6346
6177
6270
2043
9828
1081
8371
6745
6987
4418
384
8893
3324
1504
4483
9619
4013
8037
4165
1150
2936
1062
1490
1855
8189
481
1666
5042
7634
6995
9433
3980
9524
2055
2375
9352
3136
746
6097
6475
1516
2833
5368
1193
689
6203
812
4703
4241
4977
2205
3529
2391
3695
5385
6932
4176
7051
1974
8162
398
7760
8495
9922
9815
870
5626
9304
7969
8075
5779
5837
7260
7500
7030
7950
3703
4194
2653
7944
9171
4858
7826
7915
4905
3211
4847
5434
6614
3174
3596
7012
934
2091
3286
7101
9314
5264
2757
7283
9691
8537
9472
6951
6037
6503
4901
6092
697
3906
389
6221
5116
8215
4136
6374
1426
5335
1808
8040
8509
5404
1404
5795
3848
1042
9249
3162
6306
2006
6797
2349
6895
6269
9300
9284
2772
554
5377
9822
812
5766
2395
5929
3981
2883
2303
1759
8218
463
6151
6728
2219
7555
8875
6067
4949
8124
5581
7607
131
2378
9956
3378
8648
5608
2663
7772
2514
4392
3946
3327
158
6341
5608
491
5576
4263
2250
3795
4726
4753
6875
3297
2308
5750
9365
3609
227
1298
1216
6710
3677
1172
88
8677
3132
9103
2801
5647
3495
6748
8974
3653
9441
4582
496
5018
5197
9098
8813
9923
3851
2040
3220
2511
4142
8937
6120
4369
236
3688
7431
265
1212
7520
8942
4345
6623
1743
9992
6471
4843
5318
124
4285
6252
6973
9303
1449
6071
4468
7724
6275
2860
7296
5138
7002
2586
7611
7724
9174
1299
1507
9439
2512
9027
4733
3209
2003
2828
9553
8474
7672
4871
4950
8309
7475
8275
3964
8924
699
4784
3000
6974
7644
6648
2112
998
9234
6075
5074
8408
7375
6582
4199
6239
1961
5284
9448
316
8113
9001
5142
2137
3872
93
446
1347
4720
762
6623
5419
5546
5975
8745
9542
2623
7210
540
8210
3285
1967
2970
660
4901
7170
6899
6862
8806
6347
3531
6919
5348
8673
9056
5572
5118
5854
3271
9839
6616
6246
5258
2162
2221
4004
1704
1197
1214
8597
9407
4499
564
2377
1512
5465
5899
8411
8679
1058
1111
2210
7977
2811
884
3386
4736
2354
5592
8007
2193
2209
606
3804
723
2827
7808
8780
376
5374
3729
9783
6225
645
8513
7737
2462
764
2501
1141
1822
9964
9704
6152
2775
6940
5890
7511
9294
1482
1871
1488
43
2477
1644
7119
1656
9452
5899
2033
1178
5980
8168
7403
6625
6681
1493
9087
3798
346
6580
1972
310
2636
4476
3085
9576
366
6949
5223
1849
5172
3063
8244
7649
4707
5363
9305
511
1262
7690
1689
7242
5859
5444
219
8892
3289
5658
2690
3635
2239
1015
3945
1227
5491
3383
7156
2210
6684
2379
4059
1856
1794
2303
9505
6501
7667
5162
3364
5281
2853
5053
8876
8712
6849
5447
7604
139
1106
6647
3774
9697
4014
4072
924
9505
7455
8080
1715
4139
6811
2126
5995
8605
782
1852
1458
4801
7014
4822
6434
6219
9875
1662
4931
3077
7110
8888
3216
8216
1887
3342
4265
5901
7414
5189
1758
1221
9622
9826
1712
6433
1952
4059
5039
9086
5911
6497
3887
9278
7672
6674
5497
3899
8336
6781
6976
5446
5669
6544
14
7556
6239
4279
9809
5
9469
1567
1227
5443
1393
9291
1876
9698
3351
3267
8784
9262
6117
9024
4892
3789
5698
390
7688
4034
7171
1017
5833
9192
7561
5847
3100
3800
127
2909
3806
5948
4476
1385
1391
2222
676
9619
8272
379
2887
7056
9642
5356
2432
886
9145
8130
1276
3185
8517
8447
4202
4350
3991
1764
6549
7091
1916
6676
0
2074
8976
829
9811
6719
3051
6840
6339
7675
7219
5578
4731
3213
934
3516
4100
79
7998
5376
9616
6515
176
3819
7217
4167
1935
3767
1259
203
6795
7611
2278
2124
8440
8441
8843
7843
5281
1534
5518
2501
7112
6602
5714
8046
118
9814
4477
8116
1543
4094
984
8071
4265
8201
2238
6200
1968
9849
6403
5116
7461
5033
7240
5901
9827
6083
97
5108
7618
5615
7609
4730
2217
9676
9129
8687
5842
9958
3156
7385
4052
4140
5456
4669
2341
4047
869
662
3896
3625
5778
7709
5010
3018
9963
4837
5453
60
9946
3071
5675
3907
4154
4245
9935
9635
9284
5778
9593
2440
9515
9998
2932
1324
4667
5274
1723
5537
2288
1971
5514
4418
9681
524
3788
9644
1714
9241
9704
1660
8665
1731
1919
9171
5976
1855
8806
5261
7633
8399
4053
3500
8397
6986
4824
9417
8612
6547
1306
7252
8519
6820
1670
4552
3696
5458
4196
5410
1051
252
3422
9716
1983
5342
8887
4312
7197
7693
5925
1182
2445
9978
1034
7194
3316
2211
6611
1928
5110
7917
9180
9981
1089
850
4533
4786
2660
5081
196
3712
5333
3619
3428
7317
8961
8668
1629
2510
6361
7554
44
8806
3884
1078
2353
7201
3289
8964
5481
8400
3234
4662
8381
4323
1864
9267
9109
4525
4348
5658
4589
9682
9277
8017
6999
4590
6685
4980
3452
9399
8886
9848
4557
9122
926
6910
6323
568
2227
1805
5320
5461
2819
3701
6136
4683
2968
5246
5560
3669
904
149
3351
6533
4519
6702
7475
7556
1682
927
6955
6920
775
7865
6042
8053
1127
8718
8621
3354
6875
293
5167
9694
3995
1304
4377
3315
2902
6290
6984
158
6439
6687
6691
7310
3389
518
4867
1423
7797
8174
4695
4924
2391
738
2977
3519
5808
7951
3225
2683
8244
4745
2377
8591
6049
3106
8259
5303
9396
1595
5461
2188
8283
8504
5850
8024
9022
717
9448
6819
5244
4143
1743
7635
1233
1072
1154
7041
5375
4380
9724
3620
9125
8453
8563
1526
7912
3174
3181
3660
4770
8642
5848
9405
7146
1699
7429
2520
8768
3229
9339
4012
3725
7434
1648
1310
8506
9154
4704
3882
3534
780
3854
9011
9234
8769
6889
7146
1944
70
806
3066
5064
3007
8823
2210
1058
2604
4730
6178
2186
421
191
5911
7855
8191
3573
2714
7345
8277
6596
7232
9058
6802
2595
8292
5571
9485
1790
3867
5907
8948
6933
972
8307
2108
9534
9365
4713
617
5544
6899
1038
2087
9162
8894
278
2735
1608
3975
1013
4556
1207
71
1358
3803
4715
3281
9640
2857
3501
5547
1805
6786
2871
6465
8895
2406
5830
3608
3023
7726
6859
4061
6165
6021
9307
2795
5108
7267
6771
2473
8175
4330
8896
5885
4485
9963
9167
4125
2820
2668
6025
978
9454
5248
7443
4701
7654
9625
4661
7029
7352
1520
7443
9869
3893
3102
2665
5354
370
9436
7827
4897
118
6724
783
4604
6687
6302
8729
5860
5322
1106
6838
1128
6355
633
5830
361
258
491
7391
3962
8364
1186
3832
2257
4288
6497
7611
1010
2285
1791
5908
2403
8515
3043
7007
1554
9345
2089
7414
4667
9547
4252
2147
5902
4885
7977
2616
1496
8469
7
5458
6833
7545
9290
5442
1833
2139
9406
9196
4424
1197
5104
3180
9712
8147
187
7618
3844
8628
5033
4863
8176
5637
7010
430
6875
1340
3046
8371
9809
9405
3829
2994
6950
9472
4788
5136
1611
4194
4332
2388
1743
5788
5568
1455
3935
2107
9074
4131
7088
459
8994
1616
6096
2356
2046
2971
3696
1445
7694
9857
850
7876
9203
4153
7348
3992
9289
5311
4538
9973
4051
6282
5761
5971
4089
6048
4431
9515
179
1519
9974
5525
3135
2423
7881
1533
1746
7930
2978
9441
7787
3829
3669
6991
4334
7369
7335
3623
2680
8225
9948
3084
4507
5709
9055
4949
1757
3486
4464
8288
1357
791
3813
844
3214
8046
2378
1312
5976
5356
753
3764
5537
4422
7107
9871
1791
794
9846
824
9019
9794
260
9879
1855
9315
1180
3612
9154
1996
1900
6863
2787
2065
7708
2353
112
86
3666
2440
1794
771
2556
3684
1546
9663
9907
9689
6809
9754
6865
5829
5900
7125
2060
7756
6441
3240
7720
1947
5236
5973
8810
4376
4390
6518
6729
854
2956
6747
3295
1103
7519
5851
4787
9065
1867
4694
8754
8676
800
5620
857
6701
2745
2917
809
5538
2509
4881
3837
4098
7206
2648
8474
1597
5518
5203
2451
8475
1951
5746
9578
5822
7950
717
4887
9817
5411
9993
8493
2564
1965
9351
9265
1063
8620
6426
2953
1130
1307
6791
5228
8514
9439
3702
6463
1309
5257
8914
9784
3560
1013
5714
9382
8963
2783
621
8780
4547
6967
7273
7111
8932
2976
2728
9995
1597
9154
2949
9079
6813
6092
4307
1679
1883
4361
8142
3192
5970
7057
2977
5883
8070
5043
5265
7033
4179
2239
5813
8726
9206
9438
5837
8138
2415
8565
4486
364
7719
3787
9443
884
9879
3750
2564
1762
4463
706
4954
433
7763
4283
6316
2185
5679
7934
5570
9858
6525
1383
8584
5731
7174
4421
221
9589
9338
1059
9953
3409
4846
5748
4293
1077
5850
6857
9191
313
7564
4146
7098
1679
4781
9767
217
460
4053
5787
6670
578
3523
1606
2661
697
2379
2882
6638
1717
3942
2943
5126
5140
8691
9420
6218
4541
2629
5409
1206
6545
5907
8304
4577
689
4423
4794
7501
4828
6933
524
5406
456
2130
8067
7505
4510
7302
4143
6227
7596
7086
7706
2736
2129
3478
5306
6670
6107
7068
7876
9005
2975
2533
3582
16
3308
4728
3870
8137
1661
4394
9895
8470
6524
4315
5975
7386
1617
119
9966
5565
3557
7672
4653
5687
7502
9960
8709
3609
7028
2938
8966
6355
5471
2548
6372
5131
3628
6594
3268
1642
988
3164
6464
3864
7479
2439
7603
5448
8910
7569
1013
8820
1593
5666
4507
9095
1978
3216
2704
9006
2506
8023
1714
7977
571
8086
9461
552
1032
2729
8546
2020
2245
5010
2236
6076
7449
9839
7876
2712
3760
5241
1532
5353
908
2391
4448
9238
5607
7153
4597
4466
5176
6311
2443
2099
749
8256
9003
1781
7338
7549
153
9583
2559
2389
2012
6361
8581
9888
9073
2341
5130
605
7695
2390
2996
2143
1628
4955
5648
2577
9421
7176
8888
8217
5628
9637
2825
4631
7770
163
8533
7923
9747
1092
6665
8111
3805
5246
7999
2878
3939
9481
9835
1634
8223
9183
3778
6204
491
5778
8781
6264
2955
7670
833
8583
3659
3659
9566
1430
3822
8099
9353
9921
5544
6018
4384
9349
7616
8736
8580
1556
8217
4767
9542
6441
3951
3320
2645
794
5451
7778
3410
8406
5448
596
3341
9108
4255
2907
6890
4429
7359
2595
703
2903
8614
5087
8604
2582
3823
7184
490
8393
1952
33
1186
2255
9705
183
9401
5156
7961
2811
9914
9762
3407
3255
8870
4014
2515
5760
8444
9874
8355
5499
9129
3321
6938
7733
2256
762
4918
2746
5507
3222
2779
6693
5477
8837
3228
4878
3993
7541
4041
3908
7303
7449
3515
6173
1463
2382
8285
6259
2256
2993
8110
1385
2666
5049
5471
1274
2163
389
373
7670
3611
9504
715
5440
8341
3943
6670
2335
7836
711
2595
5140
4512
2462
7665
2328
4845
5951
8587
3453
5296
6698
4839
4314
8099
310
5589
262
7051
5962
7932
7014
5466
4999
8806
160
8942
5476
8847
3130
2539
7794
8270
7052
256
5936
9380
1453
1887
4319
4907
3535
7369
6098
4201
5468
2760
9790
5730
6163
2104
3662
3177
3923
8661
1983
435
3955
3811
9282
7086
6350
7076
5356
3402
3684
1292
2782
5138
9531
3454
45
9418
823
2495
3620
6292
5255
9762
2022
1418
8219
2037
947
8494
698
9282
8929
1006
3093
4563
4444
9443
1639
6152
9198
5323
3797
1980
6813
9680
5434
3210
9099
2610
5705
9071
8902
7312
5185
924
5082
9756
2961
6029
8250
12
5311
3531
7370
4756
8094
8166
552
6085
4318
9750
7761
8115
8082
4574
7796
9869
4137
3247
2479
6194
8670
1381
3507
207
8657
8589
9964
7971
971
4566
4335
2634
4450
1705
3743
2544
9871
4295
4982
541
4045
2743
8657
2127
3669
2805
1996
7806
2404
4475
4001
7426
5856
3860
7633
866
8801
3949
8837
6124
8516
3172
8759
2966
1229
2502
1862
7452
6797
3196
7993
842
5939
3002
9321
5961
2159
1318
119
915
5793
472
8341
8002
684
2327
8868
9486
6276
4057
5610
1144
7229
721
462
4810
3223
2325
2262
6372
5521
6607
3566
7813
9610
2888
126
8121
4206
245
9037
6351
7070
3730
705
7754
2409
9573
7240
5038
3630
9203
6182
7211
9924
2997
2021
9500
1674
4283
5872
7195
891
5791
1360
6853
8679
1486
4974
9237
8084
363
1940
1506
446
2646
9260
2855
2219
2853
4245
2202
8408
428
9413
8332
9777
7787
4184
1451
2070
6409
4998
9313
2200
6359
2518
7231
4197
3845
6468
8633
4208
8408
139
4654
1054
5752
3862
9626
4957
8107
8180
3365
4887
3945
8049
4664
1732
2234
6115
155
8643
1114
5820
843
3825
8339
8074
4374
2184
894
3008
6392
5654
9499
7399
6709
5251
7613
2687
208
5720
867
9925
608
4812
7975
1624
2897
209
4092
3052
5204
1558
8872
6047
1735
7211
473
6109
5747
1367
9117
8492
7021
4969
5891
82
220
3504
9121
6781
5576
6340
6706
2536
1153
1033
4161
402
7594
4605
3454
2798
6163
2326
8845
7898
5890
5670
4007
1637
3389
9477
129
6763
4446
2372
3197
1018
2228
2319
4151
7805
8659
7210
341
6164
4595
854
6566
2190
5459
6372
4988
7974
8699
186
5872
941
5856
6232
8930
9246
5709
9060
6009
6507
7784
9206
3877
13
7877
4381
4170
2889
7943
863
9053
2538
1718
1972
4728
3529
8344
9717
1504
3395
9903
3728
4336
5759
9960
3267
1357
2021
8679
3718
4880
2815
9277
5110
2828
3506
9491
6998
6395
7434
4214
1801
9972
2284
3773
1053
5813
8469
770
3669
1865
673
7398
2553
2784
3710
2172
494
2084
7203
564
6964
19
6193
2074
9199
9700
7917
2550
6095
1703
6764
7896
8028
9048
8021
9081
4861
6491
9851
4883
4708
6876
8633
3613
6012
2343
2138
2858
4427
5693
3423
7744
5712
9616
6170
1264
9316
4088
3814
1764
5791
578
9660
171
9626
4034
9252
839
525
9103
2074
1585
2331
707
1550
8344
9403
3688
1202
182
9382
977
7926
1446
594
4097
2710
6262
4537
2876
8026
328
3454
4039
500
9432
8073
6104
6624
4950
5208
8698
6535
3891
5758
8085
8587
5161
8126
9790
5343
3860
7119
3270
1658
7713
3719
721
328
8256
3597
8354
4936
7052
2393
5436
2836
466
7893
9460
5416
9453
8159
8303
3344
3917
2741
1932
5430
867
8074
773
1079
5193
395
2737
9259
4114
3458
9587
2370
7056
7941
3659
460
6687
5447
3296
7153
3340
2757
8922
2793
7268
7225
6138
7537
9966
8070
2967
7185
6144
92
8264
7689
488
1002
6948
954
812
6535
9677
7868
829
3336
8328
7516
8783
1625
4669
2124
4382
3591
1269
8002
7169
7407
5539
7135
1829
8506
673
4325
4950
8937
2015
1790
6291
8963
2745
7104
1851
8774
4972
2680
8462
9653
196
3597
1278
1217
2073
2012
1161
3343
14
8330
750
5553
1817
8932
411
2490
3257
5361
7780
5272
7152
4071
588
6249
1175
8791
1375
2500
1471
9837
2153
8019
3434
3431
9236
1860
1795
397
5203
1809
5079
2305
3714
3249
1237
477
2091
4495
2190
9871
6119
9342
3943
3059
1943
1470
1850
3318
3970
3321
9507
6123
1340
9294
5906
6929
1154
7701
