1000
858
540
958
421
766
94
662
348
672
565
776
960
382
342
774
727
184
900
877
725
760
488
390
790
542
784
368
713
856
593
144
714
485
102
488
603
549
150
951
221
67
80
181
450
422
308
529
958
208
758
683
320
246
74
462
140
210
831
853
67
776
997
133
262
451
621
865
0
123
169
221
191
249
755
993
671
415
874
981
975
632
665
647
230
91
110
370
301
293
223
720
69
572
854
683
23
475
901
376
951
422
949
142
671
56
487
694
471
361
675
798
993
692
446
223
783
556
945
437
201
168
157
622
740
11
306
115
839
559
843
790
981
793
284
652
849
771
698
673
132
373
471
477
418
917
52
201
825
997
990
378
165
148
1
257
511
659
724
702
218
568
492
199
361
776
203
562
899
253
587
31
626
59
860
396
328
912
598
506
909
588
884
426
88
885
683
600
544
408
302
114
328
147
665
689
275
220
603
175
473
191
558
452
602
419
848
282
683
798
788
593
739
25
19
827
910
55
779
807
463
434
273
791
933
939
832
208
159
787
735
633
330
646
437
932
417
285
215
100
84
355
45
823
380
65
2
291
120
782
450
935
568
723
78
501
662
262
61
174
49
149
159
380
147
596
664
564
881
231
16
317
587
62
140
967
479
495
610
951
277
60
886
197
136
316
698
150
578
111
324
979
260
483
711
407
79
728
323
313
959
692
630
546
754
123
514
233
618
124
536
247
537
422
444
673
90
494
175
20
605
500
999
218
335
63
977
767
791
653
80
750
345
62
297
99
185
163
684
155
639
220
402
176
994
198
201
84
692
377
456
650
229
807
220
564
870
197
331
13
850
763
764
547
826
413
646
363
576
682
519
215
254
273
744
248
472
945
684
516
674
140
166
903
948
738
820
170
936
151
184
138
267
300
686
93
713
684
808
641
367
679
208
621
953
952
222
777
250
258
645
924
399
164
828
699
902
648
221
838
151
405
329
770
705
15
215
770
51
24
411
770
703
620
744
8
572
966
785
174
224
431
99
975
595
279
26
497
279
248
688
430
5
17
201
63
384
416
833
435
792
597
206
848
217
302
856
141
268
994
316
844
777
767
820
372
46
198
221
325
446
261
107
452
630
660
515
14
429
700
802
221
297
360
69
866
662
278
8
282
272
676
126
49
443
298
773
841
497
346
166
943
608
625
747
238
286
614
605
67
315
759
288
612
119
710
479
133
340
839
415
612
515
541
13
310
840
786
503
689
484
669
984
92
646
732
683
932
698
640
999
13
399
640
626
870
702
457
3
42
296
418
6
163
311
19
825
151
157
328
192
641
349
177
734
995
261
769
280
959
761
631
325
160
623
951
30
677
760
385
719
408
803
725
923
114
96
748
618
253
428
162
895
129
339
981
476
952
750
108
912
863
92
237
23
715
540
405
745
652
142
464
60
945
542
983
411
638
83
381
244
863
544
139
992
235
120
820
188
222
929
452
85
21
689
460
88
581
217
833
585
359
650
645
656
544
980
67
534
415
449
778
278
345
917
622
580
389
442
768
611
723
220
48
96
261
508
185
194
77
370
779
436
20
776
92
564
756
512
99
171
313
229
801
658
147
423
238
536
218
7
500
941
579
548
38
193
409
575
387
486
945
167
275
318
943
719
234
52
231
333
575
544
563
377
202
62
152
793
950
370
152
450
664
731
351
54
276
112
629
664
950
926
183
577
244
478
297
479
530
528
164
458
425
79
187
979
493
339
772
444
62
276
246
78
8
949
132
636
61
113
300
364
39
483
941
636
314
238
467
196
119
631
654
544
63
841
523
556
533
648
352
947
924
599
25
284
548
509
921
962
622
573
326
13
409
267
649
723
858
116
919
977
100
574
873
515
767
748
71
652
748
424
599
673
375
624
309
923
133
582
885
107
156
563
121
565
183
122
288
393
591
559
370
691
485
595
558
253
695
629
257
444
405
857
469
780
833
778
704
967
713
941
426
869
857
899
786
40
22
74
433
613
985
155
656
471
102
214
76
797
195
333
241
601
190
62
381
24
841
437
343
906
731
121
775
588
21
561
628
43
987
413
8
972
568
16
795
22
230
871
819
777
205
413
378
747
475
112
123
668
901
466
574
632
588
701
220
609
614
200
4
601
965
12
926
885
28
721
907
610
945
727
387
150
492
118
249
967
582
373
988
483
191
562
468
131
616
40
92
230
241
96
184
206
460
110
92
840
183
351
802
128
430
542
630
922
660
880
242
594
605
230
77
796
144
545
280
760
938
372
343
179
469
527
737
281
637
181
122
172
